time,event,event_type,process,device,ready_queue,wait_queue,cpus,ios
35,1 added to ready queue,enqueue,1,,['1'],[],"[None, None]","[None, None]"
35,2 added to ready queue,enqueue,2,,"['1', '2']",[],"[None, None]","[None, None]"
35,3 added to ready queue,enqueue,3,,"['1', '2', '3']",[],"[None, None]","[None, None]"
35,1 dispatched to CPU0,dispatch_cpu,1,CPU0,"['2', '3']",[],"['1', None]","[None, None]"
35,2 dispatched to CPU1,dispatch_cpu,2,CPU1,['3'],[],"['1', '2']","[None, None]"
36,4 added to ready queue,enqueue,4,,"['3', '4']",[],"['1', '2']","[None, None]"
37,5 added to ready queue,enqueue,5,,"['3', '4', '5']",[],"['1', '2']","[None, None]"
38,6 added to ready queue,enqueue,6,,"['3', '4', '5', '6']",[],"['1', '2']","[None, None]"
41,7 added to ready queue,enqueue,7,,"['3', '4', '5', '6', '7']",[],"['1', '2']","[None, None]"
41,8 added to ready queue,enqueue,8,,"['3', '4', '5', '6', '7', '8']",[],"['1', '2']","[None, None]"
41,9 added to ready queue,enqueue,9,,"['3', '4', '5', '6', '7', '8', '9']",[],"['1', '2']","[None, None]"
41,10 added to ready queue,enqueue,10,,"['3', '4', '5', '6', '7', '8', '9', '10']",[],"['1', '2']","[None, None]"
41,11 added to ready queue,enqueue,11,,"['3', '4', '5', '6', '7', '8', '9', '10', '11']",[],"['1', '2']","[None, None]"
42,2 finished CPU → wait queue,cpu_to_io,2,CPU1,"['3', '4', '5', '6', '7', '8', '9', '10', '11']",['2'],"['1', None]","[None, None]"
42,3 dispatched to CPU1,dispatch_cpu,3,CPU1,"['4', '5', '6', '7', '8', '9', '10', '11']",['2'],"['1', '3']","[None, None]"
42,2 dispatched to IO0,dispatch_io,2,IO0,"['4', '5', '6', '7', '8', '9', '10', '11']",[],"['1', '3']","['2', None]"
43,12 added to ready queue,enqueue,12,,"['4', '5', '6', '7', '8', '9', '10', '11', '12']",[],"['1', '3']","['2', None]"
43,13 added to ready queue,enqueue,13,,"['4', '5', '6', '7', '8', '9', '10', '11', '12', '13']",[],"['1', '3']","['2', None]"
44,14 added to ready queue,enqueue,14,,"['4', '5', '6', '7', '8', '9', '10', '11', '12', '13', '14']",[],"['1', '3']","['2', None]"
44,15 added to ready queue,enqueue,15,,"['4', '5', '6', '7', '8', '9', '10', '11', '12', '13', '14', '15']",[],"['1', '3']","['2', None]"
45,16 added to ready queue,enqueue,16,,"['4', '5', '6', '7', '8', '9', '10', '11', '12', '13', '14', '15', '16']",[],"['1', '3']","['2', None]"
45,1 finished CPU → wait queue,cpu_to_io,1,CPU0,"['4', '5', '6', '7', '8', '9', '10', '11', '12', '13', '14', '15', '16']",['1'],"[None, '3']","['2', None]"
45,3 finished CPU → wait queue,cpu_to_io,3,CPU1,"['4', '5', '6', '7', '8', '9', '10', '11', '12', '13', '14', '15', '16']","['1', '3']","[None, None]","['2', None]"
45,4 dispatched to CPU0,dispatch_cpu,4,CPU0,"['5', '6', '7', '8', '9', '10', '11', '12', '13', '14', '15', '16']","['1', '3']","['4', None]","['2', None]"
45,5 dispatched to CPU1,dispatch_cpu,5,CPU1,"['6', '7', '8', '9', '10', '11', '12', '13', '14', '15', '16']","['1', '3']","['4', '5']","['2', None]"
45,1 dispatched to IO1,dispatch_io,1,IO1,"['6', '7', '8', '9', '10', '11', '12', '13', '14', '15', '16']",['3'],"['4', '5']","['2', '1']"
46,17 added to ready queue,enqueue,17,,"['6', '7', '8', '9', '10', '11', '12', '13', '14', '15', '16', '17']",['3'],"['4', '5']","['2', '1']"
47,18 added to ready queue,enqueue,18,,"['6', '7', '8', '9', '10', '11', '12', '13', '14', '15', '16', '17', '18']",['3'],"['4', '5']","['2', '1']"
47,19 added to ready queue,enqueue,19,,"['6', '7', '8', '9', '10', '11', '12', '13', '14', '15', '16', '17', '18', '19']",['3'],"['4', '5']","['2', '1']"
48,20 added to ready queue,enqueue,20,,"['6', '7', '8', '9', '10', '11', '12', '13', '14', '15', '16', '17', '18', '19', '20']",['3'],"['4', '5']","['2', '1']"
48,5 finished CPU → wait queue,cpu_to_io,5,CPU1,"['6', '7', '8', '9', '10', '11', '12', '13', '14', '15', '16', '17', '18', '19', '20']","['3', '5']","['4', None]","['2', '1']"
48,6 dispatched to CPU1,dispatch_cpu,6,CPU1,"['7', '8', '9', '10', '11', '12', '13', '14', '15', '16', '17', '18', '19', '20']","['3', '5']","['4', '6']","['2', '1']"
49,21 added to ready queue,enqueue,21,,"['7', '8', '9', '10', '11', '12', '13', '14', '15', '16', '17', '18', '19', '20', '21']","['3', '5']","['4', '6']","['2', '1']"
50,22 added to ready queue,enqueue,22,,"['7', '8', '9', '10', '11', '12', '13', '14', '15', '16', '17', '18', '19', '20', '21', '22']","['3', '5']","['4', '6']","['2', '1']"
50,23 added to ready queue,enqueue,23,,"['7', '8', '9', '10', '11', '12', '13', '14', '15', '16', '17', '18', '19', '20', '21', '22', '23']","['3', '5']","['4', '6']","['2', '1']"
51,24 added to ready queue,enqueue,24,,"['7', '8', '9', '10', '11', '12', '13', '14', '15', '16', '17', '18', '19', '20', '21', '22', '23', '24']","['3', '5']","['4', '6']","['2', '1']"
51,25 added to ready queue,enqueue,25,,"['7', '8', '9', '10', '11', '12', '13', '14', '15', '16', '17', '18', '19', '20', '21', '22', '23', '24', '25']","['3', '5']","['4', '6']","['2', '1']"
51,26 added to ready queue,enqueue,26,,"['7', '8', '9', '10', '11', '12', '13', '14', '15', '16', '17', '18', '19', '20', '21', '22', '23', '24', '25', '26']","['3', '5']","['4', '6']","['2', '1']"
51,27 added to ready queue,enqueue,27,,"['7', '8', '9', '10', '11', '12', '13', '14', '15', '16', '17', '18', '19', '20', '21', '22', '23', '24', '25', '26', '27']","['3', '5']","['4', '6']","['2', '1']"
52,28 added to ready queue,enqueue,28,,"['7', '8', '9', '10', '11', '12', '13', '14', '15', '16', '17', '18', '19', '20', '21', '22', '23', '24', '25', '26', '27', '28']","['3', '5']","['4', '6']","['2', '1']"
53,29 added to ready queue,enqueue,29,,"['7', '8', '9', '10', '11', '12', '13', '14', '15', '16', '17', '18', '19', '20', '21', '22', '23', '24', '25', '26', '27', '28', '29']","['3', '5']","['4', '6']","['2', '1']"
53,30 added to ready queue,enqueue,30,,"['7', '8', '9', '10', '11', '12', '13', '14', '15', '16', '17', '18', '19', '20', '21', '22', '23', '24', '25', '26', '27', '28', '29', '30']","['3', '5']","['4', '6']","['2', '1']"
53,31 added to ready queue,enqueue,31,,"['7', '8', '9', '10', '11', '12', '13', '14', '15', '16', '17', '18', '19', '20', '21', '22', '23', '24', '25', '26', '27', '28', '29', '30', '31']","['3', '5']","['4', '6']","['2', '1']"
53,4 finished CPU → ready queue,cpu_to_ready,4,CPU0,"['7', '8', '9', '10', '11', '12', '13', '14', '15', '16', '17', '18', '19', '20', '21', '22', '23', '24', '25', '26', '27', '28', '29', '30', '31', '4']","['3', '5']","[None, '6']","['2', '1']"
53,7 dispatched to CPU0,dispatch_cpu,7,CPU0,"['8', '9', '10', '11', '12', '13', '14', '15', '16', '17', '18', '19', '20', '21', '22', '23', '24', '25', '26', '27', '28', '29', '30', '31', '4']","['3', '5']","['7', '6']","['2', '1']"
54,32 added to ready queue,enqueue,32,,"['8', '9', '10', '11', '12', '13', '14', '15', '16', '17', '18', '19', '20', '21', '22', '23', '24', '25', '26', '27', '28', '29', '30', '31', '4', '32']","['3', '5']","['7', '6']","['2', '1']"
55,33 added to ready queue,enqueue,33,,"['8', '9', '10', '11', '12', '13', '14', '15', '16', '17', '18', '19', '20', '21', '22', '23', '24', '25', '26', '27', '28', '29', '30', '31', '4', '32', '33']","['3', '5']","['7', '6']","['2', '1']"
55,6 finished CPU → wait queue,cpu_to_io,6,CPU1,"['8', '9', '10', '11', '12', '13', '14', '15', '16', '17', '18', '19', '20', '21', '22', '23', '24', '25', '26', '27', '28', '29', '30', '31', '4', '32', '33']","['3', '5', '6']","['7', None]","['2', '1']"
55,8 dispatched to CPU1,dispatch_cpu,8,CPU1,"['9', '10', '11', '12', '13', '14', '15', '16', '17', '18', '19', '20', '21', '22', '23', '24', '25', '26', '27', '28', '29', '30', '31', '4', '32', '33']","['3', '5', '6']","['7', '8']","['2', '1']"
56,34 added to ready queue,enqueue,34,,"['9', '10', '11', '12', '13', '14', '15', '16', '17', '18', '19', '20', '21', '22', '23', '24', '25', '26', '27', '28', '29', '30', '31', '4', '32', '33', '34']","['3', '5', '6']","['7', '8']","['2', '1']"
56,35 added to ready queue,enqueue,35,,"['9', '10', '11', '12', '13', '14', '15', '16', '17', '18', '19', '20', '21', '22', '23', '24', '25', '26', '27', '28', '29', '30', '31', '4', '32', '33', '34', '35']","['3', '5', '6']","['7', '8']","['2', '1']"
57,36 added to ready queue,enqueue,36,,"['9', '10', '11', '12', '13', '14', '15', '16', '17', '18', '19', '20', '21', '22', '23', '24', '25', '26', '27', '28', '29', '30', '31', '4', '32', '33', '34', '35', '36']","['3', '5', '6']","['7', '8']","['2', '1']"
57,8 finished CPU → wait queue,cpu_to_io,8,CPU1,"['9', '10', '11', '12', '13', '14', '15', '16', '17', '18', '19', '20', '21', '22', '23', '24', '25', '26', '27', '28', '29', '30', '31', '4', '32', '33', '34', '35', '36']","['3', '5', '6', '8']","['7', None]","['2', '1']"
57,9 dispatched to CPU1,dispatch_cpu,9,CPU1,"['10', '11', '12', '13', '14', '15', '16', '17', '18', '19', '20', '21', '22', '23', '24', '25', '26', '27', '28', '29', '30', '31', '4', '32', '33', '34', '35', '36']","['3', '5', '6', '8']","['7', '9']","['2', '1']"
58,7 finished CPU → ready queue,cpu_to_ready,7,CPU0,"['10', '11', '12', '13', '14', '15', '16', '17', '18', '19', '20', '21', '22', '23', '24', '25', '26', '27', '28', '29', '30', '31', '4', '32', '33', '34', '35', '36', '7']","['3', '5', '6', '8']","[None, '9']","['2', '1']"
58,10 dispatched to CPU0,dispatch_cpu,10,CPU0,"['11', '12', '13', '14', '15', '16', '17', '18', '19', '20', '21', '22', '23', '24', '25', '26', '27', '28', '29', '30', '31', '4', '32', '33', '34', '35', '36', '7']","['3', '5', '6', '8']","['10', '9']","['2', '1']"
59,37 added to ready queue,enqueue,37,,"['11', '12', '13', '14', '15', '16', '17', '18', '19', '20', '21', '22', '23', '24', '25', '26', '27', '28', '29', '30', '31', '4', '32', '33', '34', '35', '36', '7', '37']","['3', '5', '6', '8']","['10', '9']","['2', '1']"
61,38 added to ready queue,enqueue,38,,"['11', '12', '13', '14', '15', '16', '17', '18', '19', '20', '21', '22', '23', '24', '25', '26', '27', '28', '29', '30', '31', '4', '32', '33', '34', '35', '36', '7', '37', '38']","['3', '5', '6', '8']","['10', '9']","['2', '1']"
61,39 added to ready queue,enqueue,39,,"['11', '12', '13', '14', '15', '16', '17', '18', '19', '20', '21', '22', '23', '24', '25', '26', '27', '28', '29', '30', '31', '4', '32', '33', '34', '35', '36', '7', '37', '38', '39']","['3', '5', '6', '8']","['10', '9']","['2', '1']"
61,40 added to ready queue,enqueue,40,,"['11', '12', '13', '14', '15', '16', '17', '18', '19', '20', '21', '22', '23', '24', '25', '26', '27', '28', '29', '30', '31', '4', '32', '33', '34', '35', '36', '7', '37', '38', '39', '40']","['3', '5', '6', '8']","['10', '9']","['2', '1']"
61,41 added to ready queue,enqueue,41,,"['11', '12', '13', '14', '15', '16', '17', '18', '19', '20', '21', '22', '23', '24', '25', '26', '27', '28', '29', '30', '31', '4', '32', '33', '34', '35', '36', '7', '37', '38', '39', '40', '41']","['3', '5', '6', '8']","['10', '9']","['2', '1']"
61,2 finished I/O → ready queue,io_to_ready,2,IO0,"['11', '12', '13', '14', '15', '16', '17', '18', '19', '20', '21', '22', '23', '24', '25', '26', '27', '28', '29', '30', '31', '4', '32', '33', '34', '35', '36', '7', '37', '38', '39', '40', '41', '2']","['3', '5', '6', '8']","['10', '9']","[None, '1']"
61,3 dispatched to IO0,dispatch_io,3,IO0,"['11', '12', '13', '14', '15', '16', '17', '18', '19', '20', '21', '22', '23', '24', '25', '26', '27', '28', '29', '30', '31', '4', '32', '33', '34', '35', '36', '7', '37', '38', '39', '40', '41', '2']","['5', '6', '8']","['10', '9']","['3', '1']"
63,42 added to ready queue,enqueue,42,,"['11', '12', '13', '14', '15', '16', '17', '18', '19', '20', '21', '22', '23', '24', '25', '26', '27', '28', '29', '30', '31', '4', '32', '33', '34', '35', '36', '7', '37', '38', '39', '40', '41', '2', '42']","['5', '6', '8']","['10', '9']","['3', '1']"
63,1 finished I/O → ready queue,io_to_ready,1,IO1,"['11', '12', '13', '14', '15', '16', '17', '18', '19', '20', '21', '22', '23', '24', '25', '26', '27', '28', '29', '30', '31', '4', '32', '33', '34', '35', '36', '7', '37', '38', '39', '40', '41', '2', '42', '1']","['5', '6', '8']","['10', '9']","['3', None]"
63,5 dispatched to IO1,dispatch_io,5,IO1,"['11', '12', '13', '14', '15', '16', '17', '18', '19', '20', '21', '22', '23', '24', '25', '26', '27', '28', '29', '30', '31', '4', '32', '33', '34', '35', '36', '7', '37', '38', '39', '40', '41', '2', '42', '1']","['6', '8']","['10', '9']","['3', '5']"
64,43 added to ready queue,enqueue,43,,"['11', '12', '13', '14', '15', '16', '17', '18', '19', '20', '21', '22', '23', '24', '25', '26', '27', '28', '29', '30', '31', '4', '32', '33', '34', '35', '36', '7', '37', '38', '39', '40', '41', '2', '42', '1', '43']","['6', '8']","['10', '9']","['3', '5']"
64,44 added to ready queue,enqueue,44,,"['11', '12', '13', '14', '15', '16', '17', '18', '19', '20', '21', '22', '23', '24', '25', '26', '27', '28', '29', '30', '31', '4', '32', '33', '34', '35', '36', '7', '37', '38', '39', '40', '41', '2', '42', '1', '43', '44']","['6', '8']","['10', '9']","['3', '5']"
64,9 finished CPU → wait queue,cpu_to_io,9,CPU1,"['11', '12', '13', '14', '15', '16', '17', '18', '19', '20', '21', '22', '23', '24', '25', '26', '27', '28', '29', '30', '31', '4', '32', '33', '34', '35', '36', '7', '37', '38', '39', '40', '41', '2', '42', '1', '43', '44']","['6', '8', '9']","['10', None]","['3', '5']"
64,11 dispatched to CPU1,dispatch_cpu,11,CPU1,"['12', '13', '14', '15', '16', '17', '18', '19', '20', '21', '22', '23', '24', '25', '26', '27', '28', '29', '30', '31', '4', '32', '33', '34', '35', '36', '7', '37', '38', '39', '40', '41', '2', '42', '1', '43', '44']","['6', '8', '9']","['10', '11']","['3', '5']"
65,45 added to ready queue,enqueue,45,,"['12', '13', '14', '15', '16', '17', '18', '19', '20', '21', '22', '23', '24', '25', '26', '27', '28', '29', '30', '31', '4', '32', '33', '34', '35', '36', '7', '37', '38', '39', '40', '41', '2', '42', '1', '43', '44', '45']","['6', '8', '9']","['10', '11']","['3', '5']"
65,46 added to ready queue,enqueue,46,,"['12', '13', '14', '15', '16', '17', '18', '19', '20', '21', '22', '23', '24', '25', '26', '27', '28', '29', '30', '31', '4', '32', '33', '34', '35', '36', '7', '37', '38', '39', '40', '41', '2', '42', '1', '43', '44', '45', '46']","['6', '8', '9']","['10', '11']","['3', '5']"
66,47 added to ready queue,enqueue,47,,"['12', '13', '14', '15', '16', '17', '18', '19', '20', '21', '22', '23', '24', '25', '26', '27', '28', '29', '30', '31', '4', '32', '33', '34', '35', '36', '7', '37', '38', '39', '40', '41', '2', '42', '1', '43', '44', '45', '46', '47']","['6', '8', '9']","['10', '11']","['3', '5']"
66,10 finished CPU → wait queue,cpu_to_io,10,CPU0,"['12', '13', '14', '15', '16', '17', '18', '19', '20', '21', '22', '23', '24', '25', '26', '27', '28', '29', '30', '31', '4', '32', '33', '34', '35', '36', '7', '37', '38', '39', '40', '41', '2', '42', '1', '43', '44', '45', '46', '47']","['6', '8', '9', '10']","[None, '11']","['3', '5']"
66,12 dispatched to CPU0,dispatch_cpu,12,CPU0,"['13', '14', '15', '16', '17', '18', '19', '20', '21', '22', '23', '24', '25', '26', '27', '28', '29', '30', '31', '4', '32', '33', '34', '35', '36', '7', '37', '38', '39', '40', '41', '2', '42', '1', '43', '44', '45', '46', '47']","['6', '8', '9', '10']","['12', '11']","['3', '5']"
69,11 finished CPU → wait queue,cpu_to_io,11,CPU1,"['13', '14', '15', '16', '17', '18', '19', '20', '21', '22', '23', '24', '25', '26', '27', '28', '29', '30', '31', '4', '32', '33', '34', '35', '36', '7', '37', '38', '39', '40', '41', '2', '42', '1', '43', '44', '45', '46', '47']","['6', '8', '9', '10', '11']","['12', None]","['3', '5']"
69,5 finished I/O → ready queue,io_to_ready,5,IO1,"['13', '14', '15', '16', '17', '18', '19', '20', '21', '22', '23', '24', '25', '26', '27', '28', '29', '30', '31', '4', '32', '33', '34', '35', '36', '7', '37', '38', '39', '40', '41', '2', '42', '1', '43', '44', '45', '46', '47', '5']","['6', '8', '9', '10', '11']","['12', None]","['3', None]"
69,13 dispatched to CPU1,dispatch_cpu,13,CPU1,"['14', '15', '16', '17', '18', '19', '20', '21', '22', '23', '24', '25', '26', '27', '28', '29', '30', '31', '4', '32', '33', '34', '35', '36', '7', '37', '38', '39', '40', '41', '2', '42', '1', '43', '44', '45', '46', '47', '5']","['6', '8', '9', '10', '11']","['12', '13']","['3', None]"
69,6 dispatched to IO1,dispatch_io,6,IO1,"['14', '15', '16', '17', '18', '19', '20', '21', '22', '23', '24', '25', '26', '27', '28', '29', '30', '31', '4', '32', '33', '34', '35', '36', '7', '37', '38', '39', '40', '41', '2', '42', '1', '43', '44', '45', '46', '47', '5']","['8', '9', '10', '11']","['12', '13']","['3', '6']"
70,48 added to ready queue,enqueue,48,,"['14', '15', '16', '17', '18', '19', '20', '21', '22', '23', '24', '25', '26', '27', '28', '29', '30', '31', '4', '32', '33', '34', '35', '36', '7', '37', '38', '39', '40', '41', '2', '42', '1', '43', '44', '45', '46', '47', '5', '48']","['8', '9', '10', '11']","['12', '13']","['3', '6']"
70,3 finished I/O → ready queue,io_to_ready,3,IO0,"['14', '15', '16', '17', '18', '19', '20', '21', '22', '23', '24', '25', '26', '27', '28', '29', '30', '31', '4', '32', '33', '34', '35', '36', '7', '37', '38', '39', '40', '41', '2', '42', '1', '43', '44', '45', '46', '47', '5', '48', '3']","['8', '9', '10', '11']","['12', '13']","[None, '6']"
70,8 dispatched to IO0,dispatch_io,8,IO0,"['14', '15', '16', '17', '18', '19', '20', '21', '22', '23', '24', '25', '26', '27', '28', '29', '30', '31', '4', '32', '33', '34', '35', '36', '7', '37', '38', '39', '40', '41', '2', '42', '1', '43', '44', '45', '46', '47', '5', '48', '3']","['9', '10', '11']","['12', '13']","['8', '6']"
72,13 finished CPU → ready queue,cpu_to_ready,13,CPU1,"['14', '15', '16', '17', '18', '19', '20', '21', '22', '23', '24', '25', '26', '27', '28', '29', '30', '31', '4', '32', '33', '34', '35', '36', '7', '37', '38', '39', '40', '41', '2', '42', '1', '43', '44', '45', '46', '47', '5', '48', '3', '13']","['9', '10', '11']","['12', None]","['8', '6']"
72,14 dispatched to CPU1,dispatch_cpu,14,CPU1,"['15', '16', '17', '18', '19', '20', '21', '22', '23', '24', '25', '26', '27', '28', '29', '30', '31', '4', '32', '33', '34', '35', '36', '7', '37', '38', '39', '40', '41', '2', '42', '1', '43', '44', '45', '46', '47', '5', '48', '3', '13']","['9', '10', '11']","['12', '14']","['8', '6']"
74,49 added to ready queue,enqueue,49,,"['15', '16', '17', '18', '19', '20', '21', '22', '23', '24', '25', '26', '27', '28', '29', '30', '31', '4', '32', '33', '34', '35', '36', '7', '37', '38', '39', '40', '41', '2', '42', '1', '43', '44', '45', '46', '47', '5', '48', '3', '13', '49']","['9', '10', '11']","['12', '14']","['8', '6']"
74,12 finished CPU → ready queue,cpu_to_ready,12,CPU0,"['15', '16', '17', '18', '19', '20', '21', '22', '23', '24', '25', '26', '27', '28', '29', '30', '31', '4', '32', '33', '34', '35', '36', '7', '37', '38', '39', '40', '41', '2', '42', '1', '43', '44', '45', '46', '47', '5', '48', '3', '13', '49', '12']","['9', '10', '11']","[None, '14']","['8', '6']"
74,15 dispatched to CPU0,dispatch_cpu,15,CPU0,"['16', '17', '18', '19', '20', '21', '22', '23', '24', '25', '26', '27', '28', '29', '30', '31', '4', '32', '33', '34', '35', '36', '7', '37', '38', '39', '40', '41', '2', '42', '1', '43', '44', '45', '46', '47', '5', '48', '3', '13', '49', '12']","['9', '10', '11']","['15', '14']","['8', '6']"
75,8 finished I/O → ready queue,io_to_ready,8,IO0,"['16', '17', '18', '19', '20', '21', '22', '23', '24', '25', '26', '27', '28', '29', '30', '31', '4', '32', '33', '34', '35', '36', '7', '37', '38', '39', '40', '41', '2', '42', '1', '43', '44', '45', '46', '47', '5', '48', '3', '13', '49', '12', '8']","['9', '10', '11']","['15', '14']","[None, '6']"
75,9 dispatched to IO0,dispatch_io,9,IO0,"['16', '17', '18', '19', '20', '21', '22', '23', '24', '25', '26', '27', '28', '29', '30', '31', '4', '32', '33', '34', '35', '36', '7', '37', '38', '39', '40', '41', '2', '42', '1', '43', '44', '45', '46', '47', '5', '48', '3', '13', '49', '12', '8']","['10', '11']","['15', '14']","['9', '6']"
81,15 finished CPU → ready queue,cpu_to_ready,15,CPU0,"['16', '17', '18', '19', '20', '21', '22', '23', '24', '25', '26', '27', '28', '29', '30', '31', '4', '32', '33', '34', '35', '36', '7', '37', '38', '39', '40', '41', '2', '42', '1', '43', '44', '45', '46', '47', '5', '48', '3', '13', '49', '12', '8', '15']","['10', '11']","[None, '14']","['9', '6']"
81,16 dispatched to CPU0,dispatch_cpu,16,CPU0,"['17', '18', '19', '20', '21', '22', '23', '24', '25', '26', '27', '28', '29', '30', '31', '4', '32', '33', '34', '35', '36', '7', '37', '38', '39', '40', '41', '2', '42', '1', '43', '44', '45', '46', '47', '5', '48', '3', '13', '49', '12', '8', '15']","['10', '11']","['16', '14']","['9', '6']"
82,50 added to ready queue,enqueue,50,,"['17', '18', '19', '20', '21', '22', '23', '24', '25', '26', '27', '28', '29', '30', '31', '4', '32', '33', '34', '35', '36', '7', '37', '38', '39', '40', '41', '2', '42', '1', '43', '44', '45', '46', '47', '5', '48', '3', '13', '49', '12', '8', '15', '50']","['10', '11']","['16', '14']","['9', '6']"
82,14 finished CPU → ready queue,cpu_to_ready,14,CPU1,"['17', '18', '19', '20', '21', '22', '23', '24', '25', '26', '27', '28', '29', '30', '31', '4', '32', '33', '34', '35', '36', '7', '37', '38', '39', '40', '41', '2', '42', '1', '43', '44', '45', '46', '47', '5', '48', '3', '13', '49', '12', '8', '15', '50', '14']","['10', '11']","['16', None]","['9', '6']"
82,17 dispatched to CPU1,dispatch_cpu,17,CPU1,"['18', '19', '20', '21', '22', '23', '24', '25', '26', '27', '28', '29', '30', '31', '4', '32', '33', '34', '35', '36', '7', '37', '38', '39', '40', '41', '2', '42', '1', '43', '44', '45', '46', '47', '5', '48', '3', '13', '49', '12', '8', '15', '50', '14']","['10', '11']","['16', '17']","['9', '6']"
88,16 finished CPU → wait queue,cpu_to_io,16,CPU0,"['18', '19', '20', '21', '22', '23', '24', '25', '26', '27', '28', '29', '30', '31', '4', '32', '33', '34', '35', '36', '7', '37', '38', '39', '40', '41', '2', '42', '1', '43', '44', '45', '46', '47', '5', '48', '3', '13', '49', '12', '8', '15', '50', '14']","['10', '11', '16']","[None, '17']","['9', '6']"
88,17 finished CPU → wait queue,cpu_to_io,17,CPU1,"['18', '19', '20', '21', '22', '23', '24', '25', '26', '27', '28', '29', '30', '31', '4', '32', '33', '34', '35', '36', '7', '37', '38', '39', '40', '41', '2', '42', '1', '43', '44', '45', '46', '47', '5', '48', '3', '13', '49', '12', '8', '15', '50', '14']","['10', '11', '16', '17']","[None, None]","['9', '6']"
88,6 finished I/O → ready queue,io_to_ready,6,IO1,"['18', '19', '20', '21', '22', '23', '24', '25', '26', '27', '28', '29', '30', '31', '4', '32', '33', '34', '35', '36', '7', '37', '38', '39', '40', '41', '2', '42', '1', '43', '44', '45', '46', '47', '5', '48', '3', '13', '49', '12', '8', '15', '50', '14', '6']","['10', '11', '16', '17']","[None, None]","['9', None]"
88,18 dispatched to CPU0,dispatch_cpu,18,CPU0,"['19', '20', '21', '22', '23', '24', '25', '26', '27', '28', '29', '30', '31', '4', '32', '33', '34', '35', '36', '7', '37', '38', '39', '40', '41', '2', '42', '1', '43', '44', '45', '46', '47', '5', '48', '3', '13', '49', '12', '8', '15', '50', '14', '6']","['10', '11', '16', '17']","['18', None]","['9', None]"
88,19 dispatched to CPU1,dispatch_cpu,19,CPU1,"['20', '21', '22', '23', '24', '25', '26', '27', '28', '29', '30', '31', '4', '32', '33', '34', '35', '36', '7', '37', '38', '39', '40', '41', '2', '42', '1', '43', '44', '45', '46', '47', '5', '48', '3', '13', '49', '12', '8', '15', '50', '14', '6']","['10', '11', '16', '17']","['18', '19']","['9', None]"
88,10 dispatched to IO1,dispatch_io,10,IO1,"['20', '21', '22', '23', '24', '25', '26', '27', '28', '29', '30', '31', '4', '32', '33', '34', '35', '36', '7', '37', '38', '39', '40', '41', '2', '42', '1', '43', '44', '45', '46', '47', '5', '48', '3', '13', '49', '12', '8', '15', '50', '14', '6']","['11', '16', '17']","['18', '19']","['9', '10']"
94,18 finished CPU → ready queue,cpu_to_ready,18,CPU0,"['20', '21', '22', '23', '24', '25', '26', '27', '28', '29', '30', '31', '4', '32', '33', '34', '35', '36', '7', '37', '38', '39', '40', '41', '2', '42', '1', '43', '44', '45', '46', '47', '5', '48', '3', '13', '49', '12', '8', '15', '50', '14', '6', '18']","['11', '16', '17']","[None, '19']","['9', '10']"
94,9 finished I/O → ready queue,io_to_ready,9,IO0,"['20', '21', '22', '23', '24', '25', '26', '27', '28', '29', '30', '31', '4', '32', '33', '34', '35', '36', '7', '37', '38', '39', '40', '41', '2', '42', '1', '43', '44', '45', '46', '47', '5', '48', '3', '13', '49', '12', '8', '15', '50', '14', '6', '18', '9']","['11', '16', '17']","[None, '19']","[None, '10']"
94,20 dispatched to CPU0,dispatch_cpu,20,CPU0,"['21', '22', '23', '24', '25', '26', '27', '28', '29', '30', '31', '4', '32', '33', '34', '35', '36', '7', '37', '38', '39', '40', '41', '2', '42', '1', '43', '44', '45', '46', '47', '5', '48', '3', '13', '49', '12', '8', '15', '50', '14', '6', '18', '9']","['11', '16', '17']","['20', '19']","[None, '10']"
94,11 dispatched to IO0,dispatch_io,11,IO0,"['21', '22', '23', '24', '25', '26', '27', '28', '29', '30', '31', '4', '32', '33', '34', '35', '36', '7', '37', '38', '39', '40', '41', '2', '42', '1', '43', '44', '45', '46', '47', '5', '48', '3', '13', '49', '12', '8', '15', '50', '14', '6', '18', '9']","['16', '17']","['20', '19']","['11', '10']"
101,19 finished CPU → wait queue,cpu_to_io,19,CPU1,"['21', '22', '23', '24', '25', '26', '27', '28', '29', '30', '31', '4', '32', '33', '34', '35', '36', '7', '37', '38', '39', '40', '41', '2', '42', '1', '43', '44', '45', '46', '47', '5', '48', '3', '13', '49', '12', '8', '15', '50', '14', '6', '18', '9']","['16', '17', '19']","['20', None]","['11', '10']"
101,21 dispatched to CPU1,dispatch_cpu,21,CPU1,"['22', '23', '24', '25', '26', '27', '28', '29', '30', '31', '4', '32', '33', '34', '35', '36', '7', '37', '38', '39', '40', '41', '2', '42', '1', '43', '44', '45', '46', '47', '5', '48', '3', '13', '49', '12', '8', '15', '50', '14', '6', '18', '9']","['16', '17', '19']","['20', '21']","['11', '10']"
104,20 finished CPU → wait queue,cpu_to_io,20,CPU0,"['22', '23', '24', '25', '26', '27', '28', '29', '30', '31', '4', '32', '33', '34', '35', '36', '7', '37', '38', '39', '40', '41', '2', '42', '1', '43', '44', '45', '46', '47', '5', '48', '3', '13', '49', '12', '8', '15', '50', '14', '6', '18', '9']","['16', '17', '19', '20']","[None, '21']","['11', '10']"
104,22 dispatched to CPU0,dispatch_cpu,22,CPU0,"['23', '24', '25', '26', '27', '28', '29', '30', '31', '4', '32', '33', '34', '35', '36', '7', '37', '38', '39', '40', '41', '2', '42', '1', '43', '44', '45', '46', '47', '5', '48', '3', '13', '49', '12', '8', '15', '50', '14', '6', '18', '9']","['16', '17', '19', '20']","['22', '21']","['11', '10']"
106,21 finished CPU → wait queue,cpu_to_io,21,CPU1,"['23', '24', '25', '26', '27', '28', '29', '30', '31', '4', '32', '33', '34', '35', '36', '7', '37', '38', '39', '40', '41', '2', '42', '1', '43', '44', '45', '46', '47', '5', '48', '3', '13', '49', '12', '8', '15', '50', '14', '6', '18', '9']","['16', '17', '19', '20', '21']","['22', None]","['11', '10']"
106,23 dispatched to CPU1,dispatch_cpu,23,CPU1,"['24', '25', '26', '27', '28', '29', '30', '31', '4', '32', '33', '34', '35', '36', '7', '37', '38', '39', '40', '41', '2', '42', '1', '43', '44', '45', '46', '47', '5', '48', '3', '13', '49', '12', '8', '15', '50', '14', '6', '18', '9']","['16', '17', '19', '20', '21']","['22', '23']","['11', '10']"
108,11 finished I/O → ready queue,io_to_ready,11,IO0,"['24', '25', '26', '27', '28', '29', '30', '31', '4', '32', '33', '34', '35', '36', '7', '37', '38', '39', '40', '41', '2', '42', '1', '43', '44', '45', '46', '47', '5', '48', '3', '13', '49', '12', '8', '15', '50', '14', '6', '18', '9', '11']","['16', '17', '19', '20', '21']","['22', '23']","[None, '10']"
108,16 dispatched to IO0,dispatch_io,16,IO0,"['24', '25', '26', '27', '28', '29', '30', '31', '4', '32', '33', '34', '35', '36', '7', '37', '38', '39', '40', '41', '2', '42', '1', '43', '44', '45', '46', '47', '5', '48', '3', '13', '49', '12', '8', '15', '50', '14', '6', '18', '9', '11']","['17', '19', '20', '21']","['22', '23']","['16', '10']"
109,10 finished I/O → ready queue,io_to_ready,10,IO1,"['24', '25', '26', '27', '28', '29', '30', '31', '4', '32', '33', '34', '35', '36', '7', '37', '38', '39', '40', '41', '2', '42', '1', '43', '44', '45', '46', '47', '5', '48', '3', '13', '49', '12', '8', '15', '50', '14', '6', '18', '9', '11', '10']","['17', '19', '20', '21']","['22', '23']","['16', None]"
109,17 dispatched to IO1,dispatch_io,17,IO1,"['24', '25', '26', '27', '28', '29', '30', '31', '4', '32', '33', '34', '35', '36', '7', '37', '38', '39', '40', '41', '2', '42', '1', '43', '44', '45', '46', '47', '5', '48', '3', '13', '49', '12', '8', '15', '50', '14', '6', '18', '9', '11', '10']","['19', '20', '21']","['22', '23']","['16', '17']"
112,23 finished CPU → wait queue,cpu_to_io,23,CPU1,"['24', '25', '26', '27', '28', '29', '30', '31', '4', '32', '33', '34', '35', '36', '7', '37', '38', '39', '40', '41', '2', '42', '1', '43', '44', '45', '46', '47', '5', '48', '3', '13', '49', '12', '8', '15', '50', '14', '6', '18', '9', '11', '10']","['19', '20', '21', '23']","['22', None]","['16', '17']"
112,24 dispatched to CPU1,dispatch_cpu,24,CPU1,"['25', '26', '27', '28', '29', '30', '31', '4', '32', '33', '34', '35', '36', '7', '37', '38', '39', '40', '41', '2', '42', '1', '43', '44', '45', '46', '47', '5', '48', '3', '13', '49', '12', '8', '15', '50', '14', '6', '18', '9', '11', '10']","['19', '20', '21', '23']","['22', '24']","['16', '17']"
115,22 finished CPU → ready queue,cpu_to_ready,22,CPU0,"['25', '26', '27', '28', '29', '30', '31', '4', '32', '33', '34', '35', '36', '7', '37', '38', '39', '40', '41', '2', '42', '1', '43', '44', '45', '46', '47', '5', '48', '3', '13', '49', '12', '8', '15', '50', '14', '6', '18', '9', '11', '10', '22']","['19', '20', '21', '23']","[None, '24']","['16', '17']"
115,25 dispatched to CPU0,dispatch_cpu,25,CPU0,"['26', '27', '28', '29', '30', '31', '4', '32', '33', '34', '35', '36', '7', '37', '38', '39', '40', '41', '2', '42', '1', '43', '44', '45', '46', '47', '5', '48', '3', '13', '49', '12', '8', '15', '50', '14', '6', '18', '9', '11', '10', '22']","['19', '20', '21', '23']","['25', '24']","['16', '17']"
119,24 finished CPU → wait queue,cpu_to_io,24,CPU1,"['26', '27', '28', '29', '30', '31', '4', '32', '33', '34', '35', '36', '7', '37', '38', '39', '40', '41', '2', '42', '1', '43', '44', '45', '46', '47', '5', '48', '3', '13', '49', '12', '8', '15', '50', '14', '6', '18', '9', '11', '10', '22']","['19', '20', '21', '23', '24']","['25', None]","['16', '17']"
119,26 dispatched to CPU1,dispatch_cpu,26,CPU1,"['27', '28', '29', '30', '31', '4', '32', '33', '34', '35', '36', '7', '37', '38', '39', '40', '41', '2', '42', '1', '43', '44', '45', '46', '47', '5', '48', '3', '13', '49', '12', '8', '15', '50', '14', '6', '18', '9', '11', '10', '22']","['19', '20', '21', '23', '24']","['25', '26']","['16', '17']"
122,17 finished I/O → ready queue,io_to_ready,17,IO1,"['27', '28', '29', '30', '31', '4', '32', '33', '34', '35', '36', '7', '37', '38', '39', '40', '41', '2', '42', '1', '43', '44', '45', '46', '47', '5', '48', '3', '13', '49', '12', '8', '15', '50', '14', '6', '18', '9', '11', '10', '22', '17']","['19', '20', '21', '23', '24']","['25', '26']","['16', None]"
122,19 dispatched to IO1,dispatch_io,19,IO1,"['27', '28', '29', '30', '31', '4', '32', '33', '34', '35', '36', '7', '37', '38', '39', '40', '41', '2', '42', '1', '43', '44', '45', '46', '47', '5', '48', '3', '13', '49', '12', '8', '15', '50', '14', '6', '18', '9', '11', '10', '22', '17']","['20', '21', '23', '24']","['25', '26']","['16', '19']"
126,16 finished I/O → ready queue,io_to_ready,16,IO0,"['27', '28', '29', '30', '31', '4', '32', '33', '34', '35', '36', '7', '37', '38', '39', '40', '41', '2', '42', '1', '43', '44', '45', '46', '47', '5', '48', '3', '13', '49', '12', '8', '15', '50', '14', '6', '18', '9', '11', '10', '22', '17', '16']","['20', '21', '23', '24']","['25', '26']","[None, '19']"
126,20 dispatched to IO0,dispatch_io,20,IO0,"['27', '28', '29', '30', '31', '4', '32', '33', '34', '35', '36', '7', '37', '38', '39', '40', '41', '2', '42', '1', '43', '44', '45', '46', '47', '5', '48', '3', '13', '49', '12', '8', '15', '50', '14', '6', '18', '9', '11', '10', '22', '17', '16']","['21', '23', '24']","['25', '26']","['20', '19']"
128,25 finished CPU → wait queue,cpu_to_io,25,CPU0,"['27', '28', '29', '30', '31', '4', '32', '33', '34', '35', '36', '7', '37', '38', '39', '40', '41', '2', '42', '1', '43', '44', '45', '46', '47', '5', '48', '3', '13', '49', '12', '8', '15', '50', '14', '6', '18', '9', '11', '10', '22', '17', '16']","['21', '23', '24', '25']","[None, '26']","['20', '19']"
128,27 dispatched to CPU0,dispatch_cpu,27,CPU0,"['28', '29', '30', '31', '4', '32', '33', '34', '35', '36', '7', '37', '38', '39', '40', '41', '2', '42', '1', '43', '44', '45', '46', '47', '5', '48', '3', '13', '49', '12', '8', '15', '50', '14', '6', '18', '9', '11', '10', '22', '17', '16']","['21', '23', '24', '25']","['27', '26']","['20', '19']"
132,26 finished CPU → ready queue,cpu_to_ready,26,CPU1,"['28', '29', '30', '31', '4', '32', '33', '34', '35', '36', '7', '37', '38', '39', '40', '41', '2', '42', '1', '43', '44', '45', '46', '47', '5', '48', '3', '13', '49', '12', '8', '15', '50', '14', '6', '18', '9', '11', '10', '22', '17', '16', '26']","['21', '23', '24', '25']","['27', None]","['20', '19']"
132,28 dispatched to CPU1,dispatch_cpu,28,CPU1,"['29', '30', '31', '4', '32', '33', '34', '35', '36', '7', '37', '38', '39', '40', '41', '2', '42', '1', '43', '44', '45', '46', '47', '5', '48', '3', '13', '49', '12', '8', '15', '50', '14', '6', '18', '9', '11', '10', '22', '17', '16', '26']","['21', '23', '24', '25']","['27', '28']","['20', '19']"
136,28 finished CPU → wait queue,cpu_to_io,28,CPU1,"['29', '30', '31', '4', '32', '33', '34', '35', '36', '7', '37', '38', '39', '40', '41', '2', '42', '1', '43', '44', '45', '46', '47', '5', '48', '3', '13', '49', '12', '8', '15', '50', '14', '6', '18', '9', '11', '10', '22', '17', '16', '26']","['21', '23', '24', '25', '28']","['27', None]","['20', '19']"
136,29 dispatched to CPU1,dispatch_cpu,29,CPU1,"['30', '31', '4', '32', '33', '34', '35', '36', '7', '37', '38', '39', '40', '41', '2', '42', '1', '43', '44', '45', '46', '47', '5', '48', '3', '13', '49', '12', '8', '15', '50', '14', '6', '18', '9', '11', '10', '22', '17', '16', '26']","['21', '23', '24', '25', '28']","['27', '29']","['20', '19']"
141,19 finished I/O → ready queue,io_to_ready,19,IO1,"['30', '31', '4', '32', '33', '34', '35', '36', '7', '37', '38', '39', '40', '41', '2', '42', '1', '43', '44', '45', '46', '47', '5', '48', '3', '13', '49', '12', '8', '15', '50', '14', '6', '18', '9', '11', '10', '22', '17', '16', '26', '19']","['21', '23', '24', '25', '28']","['27', '29']","['20', None]"
141,21 dispatched to IO1,dispatch_io,21,IO1,"['30', '31', '4', '32', '33', '34', '35', '36', '7', '37', '38', '39', '40', '41', '2', '42', '1', '43', '44', '45', '46', '47', '5', '48', '3', '13', '49', '12', '8', '15', '50', '14', '6', '18', '9', '11', '10', '22', '17', '16', '26', '19']","['23', '24', '25', '28']","['27', '29']","['20', '21']"
142,27 finished CPU → wait queue,cpu_to_io,27,CPU0,"['30', '31', '4', '32', '33', '34', '35', '36', '7', '37', '38', '39', '40', '41', '2', '42', '1', '43', '44', '45', '46', '47', '5', '48', '3', '13', '49', '12', '8', '15', '50', '14', '6', '18', '9', '11', '10', '22', '17', '16', '26', '19']","['23', '24', '25', '28', '27']","[None, '29']","['20', '21']"
142,30 dispatched to CPU0,dispatch_cpu,30,CPU0,"['31', '4', '32', '33', '34', '35', '36', '7', '37', '38', '39', '40', '41', '2', '42', '1', '43', '44', '45', '46', '47', '5', '48', '3', '13', '49', '12', '8', '15', '50', '14', '6', '18', '9', '11', '10', '22', '17', '16', '26', '19']","['23', '24', '25', '28', '27']","['30', '29']","['20', '21']"
145,21 finished I/O → ready queue,io_to_ready,21,IO1,"['31', '4', '32', '33', '34', '35', '36', '7', '37', '38', '39', '40', '41', '2', '42', '1', '43', '44', '45', '46', '47', '5', '48', '3', '13', '49', '12', '8', '15', '50', '14', '6', '18', '9', '11', '10', '22', '17', '16', '26', '19', '21']","['23', '24', '25', '28', '27']","['30', '29']","['20', None]"
145,23 dispatched to IO1,dispatch_io,23,IO1,"['31', '4', '32', '33', '34', '35', '36', '7', '37', '38', '39', '40', '41', '2', '42', '1', '43', '44', '45', '46', '47', '5', '48', '3', '13', '49', '12', '8', '15', '50', '14', '6', '18', '9', '11', '10', '22', '17', '16', '26', '19', '21']","['24', '25', '28', '27']","['30', '29']","['20', '23']"
146,29 finished CPU → wait queue,cpu_to_io,29,CPU1,"['31', '4', '32', '33', '34', '35', '36', '7', '37', '38', '39', '40', '41', '2', '42', '1', '43', '44', '45', '46', '47', '5', '48', '3', '13', '49', '12', '8', '15', '50', '14', '6', '18', '9', '11', '10', '22', '17', '16', '26', '19', '21']","['24', '25', '28', '27', '29']","['30', None]","['20', '23']"
146,31 dispatched to CPU1,dispatch_cpu,31,CPU1,"['4', '32', '33', '34', '35', '36', '7', '37', '38', '39', '40', '41', '2', '42', '1', '43', '44', '45', '46', '47', '5', '48', '3', '13', '49', '12', '8', '15', '50', '14', '6', '18', '9', '11', '10', '22', '17', '16', '26', '19', '21']","['24', '25', '28', '27', '29']","['30', '31']","['20', '23']"
149,20 finished I/O → ready queue,io_to_ready,20,IO0,"['4', '32', '33', '34', '35', '36', '7', '37', '38', '39', '40', '41', '2', '42', '1', '43', '44', '45', '46', '47', '5', '48', '3', '13', '49', '12', '8', '15', '50', '14', '6', '18', '9', '11', '10', '22', '17', '16', '26', '19', '21', '20']","['24', '25', '28', '27', '29']","['30', '31']","[None, '23']"
149,24 dispatched to IO0,dispatch_io,24,IO0,"['4', '32', '33', '34', '35', '36', '7', '37', '38', '39', '40', '41', '2', '42', '1', '43', '44', '45', '46', '47', '5', '48', '3', '13', '49', '12', '8', '15', '50', '14', '6', '18', '9', '11', '10', '22', '17', '16', '26', '19', '21', '20']","['25', '28', '27', '29']","['30', '31']","['24', '23']"
155,23 finished I/O → ready queue,io_to_ready,23,IO1,"['4', '32', '33', '34', '35', '36', '7', '37', '38', '39', '40', '41', '2', '42', '1', '43', '44', '45', '46', '47', '5', '48', '3', '13', '49', '12', '8', '15', '50', '14', '6', '18', '9', '11', '10', '22', '17', '16', '26', '19', '21', '20', '23']","['25', '28', '27', '29']","['30', '31']","['24', None]"
155,25 dispatched to IO1,dispatch_io,25,IO1,"['4', '32', '33', '34', '35', '36', '7', '37', '38', '39', '40', '41', '2', '42', '1', '43', '44', '45', '46', '47', '5', '48', '3', '13', '49', '12', '8', '15', '50', '14', '6', '18', '9', '11', '10', '22', '17', '16', '26', '19', '21', '20', '23']","['28', '27', '29']","['30', '31']","['24', '25']"
156,30 finished CPU → ready queue,cpu_to_ready,30,CPU0,"['4', '32', '33', '34', '35', '36', '7', '37', '38', '39', '40', '41', '2', '42', '1', '43', '44', '45', '46', '47', '5', '48', '3', '13', '49', '12', '8', '15', '50', '14', '6', '18', '9', '11', '10', '22', '17', '16', '26', '19', '21', '20', '23', '30']","['28', '27', '29']","[None, '31']","['24', '25']"
156,4 dispatched to CPU0,dispatch_cpu,4,CPU0,"['32', '33', '34', '35', '36', '7', '37', '38', '39', '40', '41', '2', '42', '1', '43', '44', '45', '46', '47', '5', '48', '3', '13', '49', '12', '8', '15', '50', '14', '6', '18', '9', '11', '10', '22', '17', '16', '26', '19', '21', '20', '23', '30']","['28', '27', '29']","['4', '31']","['24', '25']"
158,31 finished CPU → ready queue,cpu_to_ready,31,CPU1,"['32', '33', '34', '35', '36', '7', '37', '38', '39', '40', '41', '2', '42', '1', '43', '44', '45', '46', '47', '5', '48', '3', '13', '49', '12', '8', '15', '50', '14', '6', '18', '9', '11', '10', '22', '17', '16', '26', '19', '21', '20', '23', '30', '31']","['28', '27', '29']","['4', None]","['24', '25']"
158,32 dispatched to CPU1,dispatch_cpu,32,CPU1,"['33', '34', '35', '36', '7', '37', '38', '39', '40', '41', '2', '42', '1', '43', '44', '45', '46', '47', '5', '48', '3', '13', '49', '12', '8', '15', '50', '14', '6', '18', '9', '11', '10', '22', '17', '16', '26', '19', '21', '20', '23', '30', '31']","['28', '27', '29']","['4', '32']","['24', '25']"
162,32 finished CPU → wait queue,cpu_to_io,32,CPU1,"['33', '34', '35', '36', '7', '37', '38', '39', '40', '41', '2', '42', '1', '43', '44', '45', '46', '47', '5', '48', '3', '13', '49', '12', '8', '15', '50', '14', '6', '18', '9', '11', '10', '22', '17', '16', '26', '19', '21', '20', '23', '30', '31']","['28', '27', '29', '32']","['4', None]","['24', '25']"
162,33 dispatched to CPU1,dispatch_cpu,33,CPU1,"['34', '35', '36', '7', '37', '38', '39', '40', '41', '2', '42', '1', '43', '44', '45', '46', '47', '5', '48', '3', '13', '49', '12', '8', '15', '50', '14', '6', '18', '9', '11', '10', '22', '17', '16', '26', '19', '21', '20', '23', '30', '31']","['28', '27', '29', '32']","['4', '33']","['24', '25']"
164,4 finished CPU → ready queue,cpu_to_ready,4,CPU0,"['34', '35', '36', '7', '37', '38', '39', '40', '41', '2', '42', '1', '43', '44', '45', '46', '47', '5', '48', '3', '13', '49', '12', '8', '15', '50', '14', '6', '18', '9', '11', '10', '22', '17', '16', '26', '19', '21', '20', '23', '30', '31', '4']","['28', '27', '29', '32']","[None, '33']","['24', '25']"
164,34 dispatched to CPU0,dispatch_cpu,34,CPU0,"['35', '36', '7', '37', '38', '39', '40', '41', '2', '42', '1', '43', '44', '45', '46', '47', '5', '48', '3', '13', '49', '12', '8', '15', '50', '14', '6', '18', '9', '11', '10', '22', '17', '16', '26', '19', '21', '20', '23', '30', '31', '4']","['28', '27', '29', '32']","['34', '33']","['24', '25']"
168,33 finished CPU → ready queue,cpu_to_ready,33,CPU1,"['35', '36', '7', '37', '38', '39', '40', '41', '2', '42', '1', '43', '44', '45', '46', '47', '5', '48', '3', '13', '49', '12', '8', '15', '50', '14', '6', '18', '9', '11', '10', '22', '17', '16', '26', '19', '21', '20', '23', '30', '31', '4', '33']","['28', '27', '29', '32']","['34', None]","['24', '25']"
168,35 dispatched to CPU1,dispatch_cpu,35,CPU1,"['36', '7', '37', '38', '39', '40', '41', '2', '42', '1', '43', '44', '45', '46', '47', '5', '48', '3', '13', '49', '12', '8', '15', '50', '14', '6', '18', '9', '11', '10', '22', '17', '16', '26', '19', '21', '20', '23', '30', '31', '4', '33']","['28', '27', '29', '32']","['34', '35']","['24', '25']"
172,34 finished CPU → wait queue,cpu_to_io,34,CPU0,"['36', '7', '37', '38', '39', '40', '41', '2', '42', '1', '43', '44', '45', '46', '47', '5', '48', '3', '13', '49', '12', '8', '15', '50', '14', '6', '18', '9', '11', '10', '22', '17', '16', '26', '19', '21', '20', '23', '30', '31', '4', '33']","['28', '27', '29', '32', '34']","[None, '35']","['24', '25']"
172,36 dispatched to CPU0,dispatch_cpu,36,CPU0,"['7', '37', '38', '39', '40', '41', '2', '42', '1', '43', '44', '45', '46', '47', '5', '48', '3', '13', '49', '12', '8', '15', '50', '14', '6', '18', '9', '11', '10', '22', '17', '16', '26', '19', '21', '20', '23', '30', '31', '4', '33']","['28', '27', '29', '32', '34']","['36', '35']","['24', '25']"
175,24 finished I/O → ready queue,io_to_ready,24,IO0,"['7', '37', '38', '39', '40', '41', '2', '42', '1', '43', '44', '45', '46', '47', '5', '48', '3', '13', '49', '12', '8', '15', '50', '14', '6', '18', '9', '11', '10', '22', '17', '16', '26', '19', '21', '20', '23', '30', '31', '4', '33', '24']","['28', '27', '29', '32', '34']","['36', '35']","[None, '25']"
175,28 dispatched to IO0,dispatch_io,28,IO0,"['7', '37', '38', '39', '40', '41', '2', '42', '1', '43', '44', '45', '46', '47', '5', '48', '3', '13', '49', '12', '8', '15', '50', '14', '6', '18', '9', '11', '10', '22', '17', '16', '26', '19', '21', '20', '23', '30', '31', '4', '33', '24']","['27', '29', '32', '34']","['36', '35']","['28', '25']"
181,36 finished CPU → ready queue,cpu_to_ready,36,CPU0,"['7', '37', '38', '39', '40', '41', '2', '42', '1', '43', '44', '45', '46', '47', '5', '48', '3', '13', '49', '12', '8', '15', '50', '14', '6', '18', '9', '11', '10', '22', '17', '16', '26', '19', '21', '20', '23', '30', '31', '4', '33', '24', '36']","['27', '29', '32', '34']","[None, '35']","['28', '25']"
181,7 dispatched to CPU0,dispatch_cpu,7,CPU0,"['37', '38', '39', '40', '41', '2', '42', '1', '43', '44', '45', '46', '47', '5', '48', '3', '13', '49', '12', '8', '15', '50', '14', '6', '18', '9', '11', '10', '22', '17', '16', '26', '19', '21', '20', '23', '30', '31', '4', '33', '24', '36']","['27', '29', '32', '34']","['7', '35']","['28', '25']"
182,35 finished CPU → wait queue,cpu_to_io,35,CPU1,"['37', '38', '39', '40', '41', '2', '42', '1', '43', '44', '45', '46', '47', '5', '48', '3', '13', '49', '12', '8', '15', '50', '14', '6', '18', '9', '11', '10', '22', '17', '16', '26', '19', '21', '20', '23', '30', '31', '4', '33', '24', '36']","['27', '29', '32', '34', '35']","['7', None]","['28', '25']"
182,37 dispatched to CPU1,dispatch_cpu,37,CPU1,"['38', '39', '40', '41', '2', '42', '1', '43', '44', '45', '46', '47', '5', '48', '3', '13', '49', '12', '8', '15', '50', '14', '6', '18', '9', '11', '10', '22', '17', '16', '26', '19', '21', '20', '23', '30', '31', '4', '33', '24', '36']","['27', '29', '32', '34', '35']","['7', '37']","['28', '25']"
184,25 finished I/O → ready queue,io_to_ready,25,IO1,"['38', '39', '40', '41', '2', '42', '1', '43', '44', '45', '46', '47', '5', '48', '3', '13', '49', '12', '8', '15', '50', '14', '6', '18', '9', '11', '10', '22', '17', '16', '26', '19', '21', '20', '23', '30', '31', '4', '33', '24', '36', '25']","['27', '29', '32', '34', '35']","['7', '37']","['28', None]"
184,27 dispatched to IO1,dispatch_io,27,IO1,"['38', '39', '40', '41', '2', '42', '1', '43', '44', '45', '46', '47', '5', '48', '3', '13', '49', '12', '8', '15', '50', '14', '6', '18', '9', '11', '10', '22', '17', '16', '26', '19', '21', '20', '23', '30', '31', '4', '33', '24', '36', '25']","['29', '32', '34', '35']","['7', '37']","['28', '27']"
185,7 finished CPU → wait queue,cpu_to_io,7,CPU0,"['38', '39', '40', '41', '2', '42', '1', '43', '44', '45', '46', '47', '5', '48', '3', '13', '49', '12', '8', '15', '50', '14', '6', '18', '9', '11', '10', '22', '17', '16', '26', '19', '21', '20', '23', '30', '31', '4', '33', '24', '36', '25']","['29', '32', '34', '35', '7']","[None, '37']","['28', '27']"
185,38 dispatched to CPU0,dispatch_cpu,38,CPU0,"['39', '40', '41', '2', '42', '1', '43', '44', '45', '46', '47', '5', '48', '3', '13', '49', '12', '8', '15', '50', '14', '6', '18', '9', '11', '10', '22', '17', '16', '26', '19', '21', '20', '23', '30', '31', '4', '33', '24', '36', '25']","['29', '32', '34', '35', '7']","['38', '37']","['28', '27']"
191,38 finished CPU → wait queue,cpu_to_io,38,CPU0,"['39', '40', '41', '2', '42', '1', '43', '44', '45', '46', '47', '5', '48', '3', '13', '49', '12', '8', '15', '50', '14', '6', '18', '9', '11', '10', '22', '17', '16', '26', '19', '21', '20', '23', '30', '31', '4', '33', '24', '36', '25']","['29', '32', '34', '35', '7', '38']","[None, '37']","['28', '27']"
191,28 finished I/O → ready queue,io_to_ready,28,IO0,"['39', '40', '41', '2', '42', '1', '43', '44', '45', '46', '47', '5', '48', '3', '13', '49', '12', '8', '15', '50', '14', '6', '18', '9', '11', '10', '22', '17', '16', '26', '19', '21', '20', '23', '30', '31', '4', '33', '24', '36', '25', '28']","['29', '32', '34', '35', '7', '38']","[None, '37']","[None, '27']"
191,39 dispatched to CPU0,dispatch_cpu,39,CPU0,"['40', '41', '2', '42', '1', '43', '44', '45', '46', '47', '5', '48', '3', '13', '49', '12', '8', '15', '50', '14', '6', '18', '9', '11', '10', '22', '17', '16', '26', '19', '21', '20', '23', '30', '31', '4', '33', '24', '36', '25', '28']","['29', '32', '34', '35', '7', '38']","['39', '37']","[None, '27']"
191,29 dispatched to IO0,dispatch_io,29,IO0,"['40', '41', '2', '42', '1', '43', '44', '45', '46', '47', '5', '48', '3', '13', '49', '12', '8', '15', '50', '14', '6', '18', '9', '11', '10', '22', '17', '16', '26', '19', '21', '20', '23', '30', '31', '4', '33', '24', '36', '25', '28']","['32', '34', '35', '7', '38']","['39', '37']","['29', '27']"
194,37 finished CPU → ready queue,cpu_to_ready,37,CPU1,"['40', '41', '2', '42', '1', '43', '44', '45', '46', '47', '5', '48', '3', '13', '49', '12', '8', '15', '50', '14', '6', '18', '9', '11', '10', '22', '17', '16', '26', '19', '21', '20', '23', '30', '31', '4', '33', '24', '36', '25', '28', '37']","['32', '34', '35', '7', '38']","['39', None]","['29', '27']"
194,40 dispatched to CPU1,dispatch_cpu,40,CPU1,"['41', '2', '42', '1', '43', '44', '45', '46', '47', '5', '48', '3', '13', '49', '12', '8', '15', '50', '14', '6', '18', '9', '11', '10', '22', '17', '16', '26', '19', '21', '20', '23', '30', '31', '4', '33', '24', '36', '25', '28', '37']","['32', '34', '35', '7', '38']","['39', '40']","['29', '27']"
198,39 finished CPU → wait queue,cpu_to_io,39,CPU0,"['41', '2', '42', '1', '43', '44', '45', '46', '47', '5', '48', '3', '13', '49', '12', '8', '15', '50', '14', '6', '18', '9', '11', '10', '22', '17', '16', '26', '19', '21', '20', '23', '30', '31', '4', '33', '24', '36', '25', '28', '37']","['32', '34', '35', '7', '38', '39']","[None, '40']","['29', '27']"
198,41 dispatched to CPU0,dispatch_cpu,41,CPU0,"['2', '42', '1', '43', '44', '45', '46', '47', '5', '48', '3', '13', '49', '12', '8', '15', '50', '14', '6', '18', '9', '11', '10', '22', '17', '16', '26', '19', '21', '20', '23', '30', '31', '4', '33', '24', '36', '25', '28', '37']","['32', '34', '35', '7', '38', '39']","['41', '40']","['29', '27']"
201,40 finished CPU → wait queue,cpu_to_io,40,CPU1,"['2', '42', '1', '43', '44', '45', '46', '47', '5', '48', '3', '13', '49', '12', '8', '15', '50', '14', '6', '18', '9', '11', '10', '22', '17', '16', '26', '19', '21', '20', '23', '30', '31', '4', '33', '24', '36', '25', '28', '37']","['32', '34', '35', '7', '38', '39', '40']","['41', None]","['29', '27']"
201,2 dispatched to CPU1,dispatch_cpu,2,CPU1,"['42', '1', '43', '44', '45', '46', '47', '5', '48', '3', '13', '49', '12', '8', '15', '50', '14', '6', '18', '9', '11', '10', '22', '17', '16', '26', '19', '21', '20', '23', '30', '31', '4', '33', '24', '36', '25', '28', '37']","['32', '34', '35', '7', '38', '39', '40']","['41', '2']","['29', '27']"
203,27 finished I/O → ready queue,io_to_ready,27,IO1,"['42', '1', '43', '44', '45', '46', '47', '5', '48', '3', '13', '49', '12', '8', '15', '50', '14', '6', '18', '9', '11', '10', '22', '17', '16', '26', '19', '21', '20', '23', '30', '31', '4', '33', '24', '36', '25', '28', '37', '27']","['32', '34', '35', '7', '38', '39', '40']","['41', '2']","['29', None]"
203,32 dispatched to IO1,dispatch_io,32,IO1,"['42', '1', '43', '44', '45', '46', '47', '5', '48', '3', '13', '49', '12', '8', '15', '50', '14', '6', '18', '9', '11', '10', '22', '17', '16', '26', '19', '21', '20', '23', '30', '31', '4', '33', '24', '36', '25', '28', '37', '27']","['34', '35', '7', '38', '39', '40']","['41', '2']","['29', '32']"
209,2 finished CPU → wait queue,cpu_to_io,2,CPU1,"['42', '1', '43', '44', '45', '46', '47', '5', '48', '3', '13', '49', '12', '8', '15', '50', '14', '6', '18', '9', '11', '10', '22', '17', '16', '26', '19', '21', '20', '23', '30', '31', '4', '33', '24', '36', '25', '28', '37', '27']","['34', '35', '7', '38', '39', '40', '2']","['41', None]","['29', '32']"
209,42 dispatched to CPU1,dispatch_cpu,42,CPU1,"['1', '43', '44', '45', '46', '47', '5', '48', '3', '13', '49', '12', '8', '15', '50', '14', '6', '18', '9', '11', '10', '22', '17', '16', '26', '19', '21', '20', '23', '30', '31', '4', '33', '24', '36', '25', '28', '37', '27']","['34', '35', '7', '38', '39', '40', '2']","['41', '42']","['29', '32']"
211,29 finished I/O → ready queue,io_to_ready,29,IO0,"['1', '43', '44', '45', '46', '47', '5', '48', '3', '13', '49', '12', '8', '15', '50', '14', '6', '18', '9', '11', '10', '22', '17', '16', '26', '19', '21', '20', '23', '30', '31', '4', '33', '24', '36', '25', '28', '37', '27', '29']","['34', '35', '7', '38', '39', '40', '2']","['41', '42']","[None, '32']"
211,34 dispatched to IO0,dispatch_io,34,IO0,"['1', '43', '44', '45', '46', '47', '5', '48', '3', '13', '49', '12', '8', '15', '50', '14', '6', '18', '9', '11', '10', '22', '17', '16', '26', '19', '21', '20', '23', '30', '31', '4', '33', '24', '36', '25', '28', '37', '27', '29']","['35', '7', '38', '39', '40', '2']","['41', '42']","['34', '32']"
213,42 finished CPU → wait queue,cpu_to_io,42,CPU1,"['1', '43', '44', '45', '46', '47', '5', '48', '3', '13', '49', '12', '8', '15', '50', '14', '6', '18', '9', '11', '10', '22', '17', '16', '26', '19', '21', '20', '23', '30', '31', '4', '33', '24', '36', '25', '28', '37', '27', '29']","['35', '7', '38', '39', '40', '2', '42']","['41', None]","['34', '32']"
213,1 dispatched to CPU1,dispatch_cpu,1,CPU1,"['43', '44', '45', '46', '47', '5', '48', '3', '13', '49', '12', '8', '15', '50', '14', '6', '18', '9', '11', '10', '22', '17', '16', '26', '19', '21', '20', '23', '30', '31', '4', '33', '24', '36', '25', '28', '37', '27', '29']","['35', '7', '38', '39', '40', '2', '42']","['41', '1']","['34', '32']"
214,41 finished CPU → wait queue,cpu_to_io,41,CPU0,"['43', '44', '45', '46', '47', '5', '48', '3', '13', '49', '12', '8', '15', '50', '14', '6', '18', '9', '11', '10', '22', '17', '16', '26', '19', '21', '20', '23', '30', '31', '4', '33', '24', '36', '25', '28', '37', '27', '29']","['35', '7', '38', '39', '40', '2', '42', '41']","[None, '1']","['34', '32']"
214,43 dispatched to CPU0,dispatch_cpu,43,CPU0,"['44', '45', '46', '47', '5', '48', '3', '13', '49', '12', '8', '15', '50', '14', '6', '18', '9', '11', '10', '22', '17', '16', '26', '19', '21', '20', '23', '30', '31', '4', '33', '24', '36', '25', '28', '37', '27', '29']","['35', '7', '38', '39', '40', '2', '42', '41']","['43', '1']","['34', '32']"
218,1 finished CPU → wait queue,cpu_to_io,1,CPU1,"['44', '45', '46', '47', '5', '48', '3', '13', '49', '12', '8', '15', '50', '14', '6', '18', '9', '11', '10', '22', '17', '16', '26', '19', '21', '20', '23', '30', '31', '4', '33', '24', '36', '25', '28', '37', '27', '29']","['35', '7', '38', '39', '40', '2', '42', '41', '1']","['43', None]","['34', '32']"
218,44 dispatched to CPU1,dispatch_cpu,44,CPU1,"['45', '46', '47', '5', '48', '3', '13', '49', '12', '8', '15', '50', '14', '6', '18', '9', '11', '10', '22', '17', '16', '26', '19', '21', '20', '23', '30', '31', '4', '33', '24', '36', '25', '28', '37', '27', '29']","['35', '7', '38', '39', '40', '2', '42', '41', '1']","['43', '44']","['34', '32']"
219,43 finished CPU → ready queue,cpu_to_ready,43,CPU0,"['45', '46', '47', '5', '48', '3', '13', '49', '12', '8', '15', '50', '14', '6', '18', '9', '11', '10', '22', '17', '16', '26', '19', '21', '20', '23', '30', '31', '4', '33', '24', '36', '25', '28', '37', '27', '29', '43']","['35', '7', '38', '39', '40', '2', '42', '41', '1']","[None, '44']","['34', '32']"
219,45 dispatched to CPU0,dispatch_cpu,45,CPU0,"['46', '47', '5', '48', '3', '13', '49', '12', '8', '15', '50', '14', '6', '18', '9', '11', '10', '22', '17', '16', '26', '19', '21', '20', '23', '30', '31', '4', '33', '24', '36', '25', '28', '37', '27', '29', '43']","['35', '7', '38', '39', '40', '2', '42', '41', '1']","['45', '44']","['34', '32']"
221,32 finished I/O → ready queue,io_to_ready,32,IO1,"['46', '47', '5', '48', '3', '13', '49', '12', '8', '15', '50', '14', '6', '18', '9', '11', '10', '22', '17', '16', '26', '19', '21', '20', '23', '30', '31', '4', '33', '24', '36', '25', '28', '37', '27', '29', '43', '32']","['35', '7', '38', '39', '40', '2', '42', '41', '1']","['45', '44']","['34', None]"
221,35 dispatched to IO1,dispatch_io,35,IO1,"['46', '47', '5', '48', '3', '13', '49', '12', '8', '15', '50', '14', '6', '18', '9', '11', '10', '22', '17', '16', '26', '19', '21', '20', '23', '30', '31', '4', '33', '24', '36', '25', '28', '37', '27', '29', '43', '32']","['7', '38', '39', '40', '2', '42', '41', '1']","['45', '44']","['34', '35']"
226,45 finished CPU → ready queue,cpu_to_ready,45,CPU0,"['46', '47', '5', '48', '3', '13', '49', '12', '8', '15', '50', '14', '6', '18', '9', '11', '10', '22', '17', '16', '26', '19', '21', '20', '23', '30', '31', '4', '33', '24', '36', '25', '28', '37', '27', '29', '43', '32', '45']","['7', '38', '39', '40', '2', '42', '41', '1']","[None, '44']","['34', '35']"
226,44 finished CPU → wait queue,cpu_to_io,44,CPU1,"['46', '47', '5', '48', '3', '13', '49', '12', '8', '15', '50', '14', '6', '18', '9', '11', '10', '22', '17', '16', '26', '19', '21', '20', '23', '30', '31', '4', '33', '24', '36', '25', '28', '37', '27', '29', '43', '32', '45']","['7', '38', '39', '40', '2', '42', '41', '1', '44']","[None, None]","['34', '35']"
226,46 dispatched to CPU0,dispatch_cpu,46,CPU0,"['47', '5', '48', '3', '13', '49', '12', '8', '15', '50', '14', '6', '18', '9', '11', '10', '22', '17', '16', '26', '19', '21', '20', '23', '30', '31', '4', '33', '24', '36', '25', '28', '37', '27', '29', '43', '32', '45']","['7', '38', '39', '40', '2', '42', '41', '1', '44']","['46', None]","['34', '35']"
226,47 dispatched to CPU1,dispatch_cpu,47,CPU1,"['5', '48', '3', '13', '49', '12', '8', '15', '50', '14', '6', '18', '9', '11', '10', '22', '17', '16', '26', '19', '21', '20', '23', '30', '31', '4', '33', '24', '36', '25', '28', '37', '27', '29', '43', '32', '45']","['7', '38', '39', '40', '2', '42', '41', '1', '44']","['46', '47']","['34', '35']"
228,34 finished I/O → ready queue,io_to_ready,34,IO0,"['5', '48', '3', '13', '49', '12', '8', '15', '50', '14', '6', '18', '9', '11', '10', '22', '17', '16', '26', '19', '21', '20', '23', '30', '31', '4', '33', '24', '36', '25', '28', '37', '27', '29', '43', '32', '45', '34']","['7', '38', '39', '40', '2', '42', '41', '1', '44']","['46', '47']","[None, '35']"
228,7 dispatched to IO0,dispatch_io,7,IO0,"['5', '48', '3', '13', '49', '12', '8', '15', '50', '14', '6', '18', '9', '11', '10', '22', '17', '16', '26', '19', '21', '20', '23', '30', '31', '4', '33', '24', '36', '25', '28', '37', '27', '29', '43', '32', '45', '34']","['38', '39', '40', '2', '42', '41', '1', '44']","['46', '47']","['7', '35']"
233,47 finished CPU → wait queue,cpu_to_io,47,CPU1,"['5', '48', '3', '13', '49', '12', '8', '15', '50', '14', '6', '18', '9', '11', '10', '22', '17', '16', '26', '19', '21', '20', '23', '30', '31', '4', '33', '24', '36', '25', '28', '37', '27', '29', '43', '32', '45', '34']","['38', '39', '40', '2', '42', '41', '1', '44', '47']","['46', None]","['7', '35']"
233,5 dispatched to CPU1,dispatch_cpu,5,CPU1,"['48', '3', '13', '49', '12', '8', '15', '50', '14', '6', '18', '9', '11', '10', '22', '17', '16', '26', '19', '21', '20', '23', '30', '31', '4', '33', '24', '36', '25', '28', '37', '27', '29', '43', '32', '45', '34']","['38', '39', '40', '2', '42', '41', '1', '44', '47']","['46', '5']","['7', '35']"
234,46 finished CPU → wait queue,cpu_to_io,46,CPU0,"['48', '3', '13', '49', '12', '8', '15', '50', '14', '6', '18', '9', '11', '10', '22', '17', '16', '26', '19', '21', '20', '23', '30', '31', '4', '33', '24', '36', '25', '28', '37', '27', '29', '43', '32', '45', '34']","['38', '39', '40', '2', '42', '41', '1', '44', '47', '46']","[None, '5']","['7', '35']"
234,48 dispatched to CPU0,dispatch_cpu,48,CPU0,"['3', '13', '49', '12', '8', '15', '50', '14', '6', '18', '9', '11', '10', '22', '17', '16', '26', '19', '21', '20', '23', '30', '31', '4', '33', '24', '36', '25', '28', '37', '27', '29', '43', '32', '45', '34']","['38', '39', '40', '2', '42', '41', '1', '44', '47', '46']","['48', '5']","['7', '35']"
237,5 finished CPU → wait queue,cpu_to_io,5,CPU1,"['3', '13', '49', '12', '8', '15', '50', '14', '6', '18', '9', '11', '10', '22', '17', '16', '26', '19', '21', '20', '23', '30', '31', '4', '33', '24', '36', '25', '28', '37', '27', '29', '43', '32', '45', '34']","['38', '39', '40', '2', '42', '41', '1', '44', '47', '46', '5']","['48', None]","['7', '35']"
237,3 dispatched to CPU1,dispatch_cpu,3,CPU1,"['13', '49', '12', '8', '15', '50', '14', '6', '18', '9', '11', '10', '22', '17', '16', '26', '19', '21', '20', '23', '30', '31', '4', '33', '24', '36', '25', '28', '37', '27', '29', '43', '32', '45', '34']","['38', '39', '40', '2', '42', '41', '1', '44', '47', '46', '5']","['48', '3']","['7', '35']"
238,7 finished I/O → ready queue,io_to_ready,7,IO0,"['13', '49', '12', '8', '15', '50', '14', '6', '18', '9', '11', '10', '22', '17', '16', '26', '19', '21', '20', '23', '30', '31', '4', '33', '24', '36', '25', '28', '37', '27', '29', '43', '32', '45', '34', '7']","['38', '39', '40', '2', '42', '41', '1', '44', '47', '46', '5']","['48', '3']","[None, '35']"
238,35 finished I/O → ready queue,io_to_ready,35,IO1,"['13', '49', '12', '8', '15', '50', '14', '6', '18', '9', '11', '10', '22', '17', '16', '26', '19', '21', '20', '23', '30', '31', '4', '33', '24', '36', '25', '28', '37', '27', '29', '43', '32', '45', '34', '7', '35']","['38', '39', '40', '2', '42', '41', '1', '44', '47', '46', '5']","['48', '3']","[None, None]"
238,38 dispatched to IO0,dispatch_io,38,IO0,"['13', '49', '12', '8', '15', '50', '14', '6', '18', '9', '11', '10', '22', '17', '16', '26', '19', '21', '20', '23', '30', '31', '4', '33', '24', '36', '25', '28', '37', '27', '29', '43', '32', '45', '34', '7', '35']","['39', '40', '2', '42', '41', '1', '44', '47', '46', '5']","['48', '3']","['38', None]"
238,39 dispatched to IO1,dispatch_io,39,IO1,"['13', '49', '12', '8', '15', '50', '14', '6', '18', '9', '11', '10', '22', '17', '16', '26', '19', '21', '20', '23', '30', '31', '4', '33', '24', '36', '25', '28', '37', '27', '29', '43', '32', '45', '34', '7', '35']","['40', '2', '42', '41', '1', '44', '47', '46', '5']","['48', '3']","['38', '39']"
239,48 finished CPU → wait queue,cpu_to_io,48,CPU0,"['13', '49', '12', '8', '15', '50', '14', '6', '18', '9', '11', '10', '22', '17', '16', '26', '19', '21', '20', '23', '30', '31', '4', '33', '24', '36', '25', '28', '37', '27', '29', '43', '32', '45', '34', '7', '35']","['40', '2', '42', '41', '1', '44', '47', '46', '5', '48']","[None, '3']","['38', '39']"
239,13 dispatched to CPU0,dispatch_cpu,13,CPU0,"['49', '12', '8', '15', '50', '14', '6', '18', '9', '11', '10', '22', '17', '16', '26', '19', '21', '20', '23', '30', '31', '4', '33', '24', '36', '25', '28', '37', '27', '29', '43', '32', '45', '34', '7', '35']","['40', '2', '42', '41', '1', '44', '47', '46', '5', '48']","['13', '3']","['38', '39']"
240,3 finished CPU → wait queue,cpu_to_io,3,CPU1,"['49', '12', '8', '15', '50', '14', '6', '18', '9', '11', '10', '22', '17', '16', '26', '19', '21', '20', '23', '30', '31', '4', '33', '24', '36', '25', '28', '37', '27', '29', '43', '32', '45', '34', '7', '35']","['40', '2', '42', '41', '1', '44', '47', '46', '5', '48', '3']","['13', None]","['38', '39']"
240,49 dispatched to CPU1,dispatch_cpu,49,CPU1,"['12', '8', '15', '50', '14', '6', '18', '9', '11', '10', '22', '17', '16', '26', '19', '21', '20', '23', '30', '31', '4', '33', '24', '36', '25', '28', '37', '27', '29', '43', '32', '45', '34', '7', '35']","['40', '2', '42', '41', '1', '44', '47', '46', '5', '48', '3']","['13', '49']","['38', '39']"
244,13 finished all bursts,finished,13,CPU0,"['12', '8', '15', '50', '14', '6', '18', '9', '11', '10', '22', '17', '16', '26', '19', '21', '20', '23', '30', '31', '4', '33', '24', '36', '25', '28', '37', '27', '29', '43', '32', '45', '34', '7', '35']","['40', '2', '42', '41', '1', '44', '47', '46', '5', '48', '3']","[None, '49']","['38', '39']"
244,49 finished CPU → wait queue,cpu_to_io,49,CPU1,"['12', '8', '15', '50', '14', '6', '18', '9', '11', '10', '22', '17', '16', '26', '19', '21', '20', '23', '30', '31', '4', '33', '24', '36', '25', '28', '37', '27', '29', '43', '32', '45', '34', '7', '35']","['40', '2', '42', '41', '1', '44', '47', '46', '5', '48', '3', '49']","[None, None]","['38', '39']"
244,12 dispatched to CPU0,dispatch_cpu,12,CPU0,"['8', '15', '50', '14', '6', '18', '9', '11', '10', '22', '17', '16', '26', '19', '21', '20', '23', '30', '31', '4', '33', '24', '36', '25', '28', '37', '27', '29', '43', '32', '45', '34', '7', '35']","['40', '2', '42', '41', '1', '44', '47', '46', '5', '48', '3', '49']","['12', None]","['38', '39']"
244,8 dispatched to CPU1,dispatch_cpu,8,CPU1,"['15', '50', '14', '6', '18', '9', '11', '10', '22', '17', '16', '26', '19', '21', '20', '23', '30', '31', '4', '33', '24', '36', '25', '28', '37', '27', '29', '43', '32', '45', '34', '7', '35']","['40', '2', '42', '41', '1', '44', '47', '46', '5', '48', '3', '49']","['12', '8']","['38', '39']"
246,12 finished CPU → wait queue,cpu_to_io,12,CPU0,"['15', '50', '14', '6', '18', '9', '11', '10', '22', '17', '16', '26', '19', '21', '20', '23', '30', '31', '4', '33', '24', '36', '25', '28', '37', '27', '29', '43', '32', '45', '34', '7', '35']","['40', '2', '42', '41', '1', '44', '47', '46', '5', '48', '3', '49', '12']","[None, '8']","['38', '39']"
246,15 dispatched to CPU0,dispatch_cpu,15,CPU0,"['50', '14', '6', '18', '9', '11', '10', '22', '17', '16', '26', '19', '21', '20', '23', '30', '31', '4', '33', '24', '36', '25', '28', '37', '27', '29', '43', '32', '45', '34', '7', '35']","['40', '2', '42', '41', '1', '44', '47', '46', '5', '48', '3', '49', '12']","['15', '8']","['38', '39']"
248,8 finished CPU → wait queue,cpu_to_io,8,CPU1,"['50', '14', '6', '18', '9', '11', '10', '22', '17', '16', '26', '19', '21', '20', '23', '30', '31', '4', '33', '24', '36', '25', '28', '37', '27', '29', '43', '32', '45', '34', '7', '35']","['40', '2', '42', '41', '1', '44', '47', '46', '5', '48', '3', '49', '12', '8']","['15', None]","['38', '39']"
248,50 dispatched to CPU1,dispatch_cpu,50,CPU1,"['14', '6', '18', '9', '11', '10', '22', '17', '16', '26', '19', '21', '20', '23', '30', '31', '4', '33', '24', '36', '25', '28', '37', '27', '29', '43', '32', '45', '34', '7', '35']","['40', '2', '42', '41', '1', '44', '47', '46', '5', '48', '3', '49', '12', '8']","['15', '50']","['38', '39']"
249,15 finished CPU → ready queue,cpu_to_ready,15,CPU0,"['14', '6', '18', '9', '11', '10', '22', '17', '16', '26', '19', '21', '20', '23', '30', '31', '4', '33', '24', '36', '25', '28', '37', '27', '29', '43', '32', '45', '34', '7', '35', '15']","['40', '2', '42', '41', '1', '44', '47', '46', '5', '48', '3', '49', '12', '8']","[None, '50']","['38', '39']"
249,14 dispatched to CPU0,dispatch_cpu,14,CPU0,"['6', '18', '9', '11', '10', '22', '17', '16', '26', '19', '21', '20', '23', '30', '31', '4', '33', '24', '36', '25', '28', '37', '27', '29', '43', '32', '45', '34', '7', '35', '15']","['40', '2', '42', '41', '1', '44', '47', '46', '5', '48', '3', '49', '12', '8']","['14', '50']","['38', '39']"
251,50 finished CPU → ready queue,cpu_to_ready,50,CPU1,"['6', '18', '9', '11', '10', '22', '17', '16', '26', '19', '21', '20', '23', '30', '31', '4', '33', '24', '36', '25', '28', '37', '27', '29', '43', '32', '45', '34', '7', '35', '15', '50']","['40', '2', '42', '41', '1', '44', '47', '46', '5', '48', '3', '49', '12', '8']","['14', None]","['38', '39']"
251,6 dispatched to CPU1,dispatch_cpu,6,CPU1,"['18', '9', '11', '10', '22', '17', '16', '26', '19', '21', '20', '23', '30', '31', '4', '33', '24', '36', '25', '28', '37', '27', '29', '43', '32', '45', '34', '7', '35', '15', '50']","['40', '2', '42', '41', '1', '44', '47', '46', '5', '48', '3', '49', '12', '8']","['14', '6']","['38', '39']"
252,38 finished I/O → ready queue,io_to_ready,38,IO0,"['18', '9', '11', '10', '22', '17', '16', '26', '19', '21', '20', '23', '30', '31', '4', '33', '24', '36', '25', '28', '37', '27', '29', '43', '32', '45', '34', '7', '35', '15', '50', '38']","['40', '2', '42', '41', '1', '44', '47', '46', '5', '48', '3', '49', '12', '8']","['14', '6']","[None, '39']"
252,40 dispatched to IO0,dispatch_io,40,IO0,"['18', '9', '11', '10', '22', '17', '16', '26', '19', '21', '20', '23', '30', '31', '4', '33', '24', '36', '25', '28', '37', '27', '29', '43', '32', '45', '34', '7', '35', '15', '50', '38']","['2', '42', '41', '1', '44', '47', '46', '5', '48', '3', '49', '12', '8']","['14', '6']","['40', '39']"
254,6 finished CPU → wait queue,cpu_to_io,6,CPU1,"['18', '9', '11', '10', '22', '17', '16', '26', '19', '21', '20', '23', '30', '31', '4', '33', '24', '36', '25', '28', '37', '27', '29', '43', '32', '45', '34', '7', '35', '15', '50', '38']","['2', '42', '41', '1', '44', '47', '46', '5', '48', '3', '49', '12', '8', '6']","['14', None]","['40', '39']"
254,18 dispatched to CPU1,dispatch_cpu,18,CPU1,"['9', '11', '10', '22', '17', '16', '26', '19', '21', '20', '23', '30', '31', '4', '33', '24', '36', '25', '28', '37', '27', '29', '43', '32', '45', '34', '7', '35', '15', '50', '38']","['2', '42', '41', '1', '44', '47', '46', '5', '48', '3', '49', '12', '8', '6']","['14', '18']","['40', '39']"
256,14 finished CPU → ready queue,cpu_to_ready,14,CPU0,"['9', '11', '10', '22', '17', '16', '26', '19', '21', '20', '23', '30', '31', '4', '33', '24', '36', '25', '28', '37', '27', '29', '43', '32', '45', '34', '7', '35', '15', '50', '38', '14']","['2', '42', '41', '1', '44', '47', '46', '5', '48', '3', '49', '12', '8', '6']","[None, '18']","['40', '39']"
256,39 finished I/O → ready queue,io_to_ready,39,IO1,"['9', '11', '10', '22', '17', '16', '26', '19', '21', '20', '23', '30', '31', '4', '33', '24', '36', '25', '28', '37', '27', '29', '43', '32', '45', '34', '7', '35', '15', '50', '38', '14', '39']","['2', '42', '41', '1', '44', '47', '46', '5', '48', '3', '49', '12', '8', '6']","[None, '18']","['40', None]"
256,9 dispatched to CPU0,dispatch_cpu,9,CPU0,"['11', '10', '22', '17', '16', '26', '19', '21', '20', '23', '30', '31', '4', '33', '24', '36', '25', '28', '37', '27', '29', '43', '32', '45', '34', '7', '35', '15', '50', '38', '14', '39']","['2', '42', '41', '1', '44', '47', '46', '5', '48', '3', '49', '12', '8', '6']","['9', '18']","['40', None]"
256,2 dispatched to IO1,dispatch_io,2,IO1,"['11', '10', '22', '17', '16', '26', '19', '21', '20', '23', '30', '31', '4', '33', '24', '36', '25', '28', '37', '27', '29', '43', '32', '45', '34', '7', '35', '15', '50', '38', '14', '39']","['42', '41', '1', '44', '47', '46', '5', '48', '3', '49', '12', '8', '6']","['9', '18']","['40', '2']"
262,18 finished CPU → ready queue,cpu_to_ready,18,CPU1,"['11', '10', '22', '17', '16', '26', '19', '21', '20', '23', '30', '31', '4', '33', '24', '36', '25', '28', '37', '27', '29', '43', '32', '45', '34', '7', '35', '15', '50', '38', '14', '39', '18']","['42', '41', '1', '44', '47', '46', '5', '48', '3', '49', '12', '8', '6']","['9', None]","['40', '2']"
262,11 dispatched to CPU1,dispatch_cpu,11,CPU1,"['10', '22', '17', '16', '26', '19', '21', '20', '23', '30', '31', '4', '33', '24', '36', '25', '28', '37', '27', '29', '43', '32', '45', '34', '7', '35', '15', '50', '38', '14', '39', '18']","['42', '41', '1', '44', '47', '46', '5', '48', '3', '49', '12', '8', '6']","['9', '11']","['40', '2']"
264,9 finished CPU → wait queue,cpu_to_io,9,CPU0,"['10', '22', '17', '16', '26', '19', '21', '20', '23', '30', '31', '4', '33', '24', '36', '25', '28', '37', '27', '29', '43', '32', '45', '34', '7', '35', '15', '50', '38', '14', '39', '18']","['42', '41', '1', '44', '47', '46', '5', '48', '3', '49', '12', '8', '6', '9']","[None, '11']","['40', '2']"
264,10 dispatched to CPU0,dispatch_cpu,10,CPU0,"['22', '17', '16', '26', '19', '21', '20', '23', '30', '31', '4', '33', '24', '36', '25', '28', '37', '27', '29', '43', '32', '45', '34', '7', '35', '15', '50', '38', '14', '39', '18']","['42', '41', '1', '44', '47', '46', '5', '48', '3', '49', '12', '8', '6', '9']","['10', '11']","['40', '2']"
269,40 finished I/O → ready queue,io_to_ready,40,IO0,"['22', '17', '16', '26', '19', '21', '20', '23', '30', '31', '4', '33', '24', '36', '25', '28', '37', '27', '29', '43', '32', '45', '34', '7', '35', '15', '50', '38', '14', '39', '18', '40']","['42', '41', '1', '44', '47', '46', '5', '48', '3', '49', '12', '8', '6', '9']","['10', '11']","[None, '2']"
269,42 dispatched to IO0,dispatch_io,42,IO0,"['22', '17', '16', '26', '19', '21', '20', '23', '30', '31', '4', '33', '24', '36', '25', '28', '37', '27', '29', '43', '32', '45', '34', '7', '35', '15', '50', '38', '14', '39', '18', '40']","['41', '1', '44', '47', '46', '5', '48', '3', '49', '12', '8', '6', '9']","['10', '11']","['42', '2']"
271,11 finished CPU → wait queue,cpu_to_io,11,CPU1,"['22', '17', '16', '26', '19', '21', '20', '23', '30', '31', '4', '33', '24', '36', '25', '28', '37', '27', '29', '43', '32', '45', '34', '7', '35', '15', '50', '38', '14', '39', '18', '40']","['41', '1', '44', '47', '46', '5', '48', '3', '49', '12', '8', '6', '9', '11']","['10', None]","['42', '2']"
271,22 dispatched to CPU1,dispatch_cpu,22,CPU1,"['17', '16', '26', '19', '21', '20', '23', '30', '31', '4', '33', '24', '36', '25', '28', '37', '27', '29', '43', '32', '45', '34', '7', '35', '15', '50', '38', '14', '39', '18', '40']","['41', '1', '44', '47', '46', '5', '48', '3', '49', '12', '8', '6', '9', '11']","['10', '22']","['42', '2']"
274,10 finished CPU → wait queue,cpu_to_io,10,CPU0,"['17', '16', '26', '19', '21', '20', '23', '30', '31', '4', '33', '24', '36', '25', '28', '37', '27', '29', '43', '32', '45', '34', '7', '35', '15', '50', '38', '14', '39', '18', '40']","['41', '1', '44', '47', '46', '5', '48', '3', '49', '12', '8', '6', '9', '11', '10']","[None, '22']","['42', '2']"
274,17 dispatched to CPU0,dispatch_cpu,17,CPU0,"['16', '26', '19', '21', '20', '23', '30', '31', '4', '33', '24', '36', '25', '28', '37', '27', '29', '43', '32', '45', '34', '7', '35', '15', '50', '38', '14', '39', '18', '40']","['41', '1', '44', '47', '46', '5', '48', '3', '49', '12', '8', '6', '9', '11', '10']","['17', '22']","['42', '2']"
276,22 finished CPU → wait queue,cpu_to_io,22,CPU1,"['16', '26', '19', '21', '20', '23', '30', '31', '4', '33', '24', '36', '25', '28', '37', '27', '29', '43', '32', '45', '34', '7', '35', '15', '50', '38', '14', '39', '18', '40']","['41', '1', '44', '47', '46', '5', '48', '3', '49', '12', '8', '6', '9', '11', '10', '22']","['17', None]","['42', '2']"
276,16 dispatched to CPU1,dispatch_cpu,16,CPU1,"['26', '19', '21', '20', '23', '30', '31', '4', '33', '24', '36', '25', '28', '37', '27', '29', '43', '32', '45', '34', '7', '35', '15', '50', '38', '14', '39', '18', '40']","['41', '1', '44', '47', '46', '5', '48', '3', '49', '12', '8', '6', '9', '11', '10', '22']","['17', '16']","['42', '2']"
277,2 finished I/O → ready queue,io_to_ready,2,IO1,"['26', '19', '21', '20', '23', '30', '31', '4', '33', '24', '36', '25', '28', '37', '27', '29', '43', '32', '45', '34', '7', '35', '15', '50', '38', '14', '39', '18', '40', '2']","['41', '1', '44', '47', '46', '5', '48', '3', '49', '12', '8', '6', '9', '11', '10', '22']","['17', '16']","['42', None]"
277,41 dispatched to IO1,dispatch_io,41,IO1,"['26', '19', '21', '20', '23', '30', '31', '4', '33', '24', '36', '25', '28', '37', '27', '29', '43', '32', '45', '34', '7', '35', '15', '50', '38', '14', '39', '18', '40', '2']","['1', '44', '47', '46', '5', '48', '3', '49', '12', '8', '6', '9', '11', '10', '22']","['17', '16']","['42', '41']"
278,42 finished I/O → ready queue,io_to_ready,42,IO0,"['26', '19', '21', '20', '23', '30', '31', '4', '33', '24', '36', '25', '28', '37', '27', '29', '43', '32', '45', '34', '7', '35', '15', '50', '38', '14', '39', '18', '40', '2', '42']","['1', '44', '47', '46', '5', '48', '3', '49', '12', '8', '6', '9', '11', '10', '22']","['17', '16']","[None, '41']"
278,1 dispatched to IO0,dispatch_io,1,IO0,"['26', '19', '21', '20', '23', '30', '31', '4', '33', '24', '36', '25', '28', '37', '27', '29', '43', '32', '45', '34', '7', '35', '15', '50', '38', '14', '39', '18', '40', '2', '42']","['44', '47', '46', '5', '48', '3', '49', '12', '8', '6', '9', '11', '10', '22']","['17', '16']","['1', '41']"
280,17 finished CPU → ready queue,cpu_to_ready,17,CPU0,"['26', '19', '21', '20', '23', '30', '31', '4', '33', '24', '36', '25', '28', '37', '27', '29', '43', '32', '45', '34', '7', '35', '15', '50', '38', '14', '39', '18', '40', '2', '42', '17']","['44', '47', '46', '5', '48', '3', '49', '12', '8', '6', '9', '11', '10', '22']","[None, '16']","['1', '41']"
280,26 dispatched to CPU0,dispatch_cpu,26,CPU0,"['19', '21', '20', '23', '30', '31', '4', '33', '24', '36', '25', '28', '37', '27', '29', '43', '32', '45', '34', '7', '35', '15', '50', '38', '14', '39', '18', '40', '2', '42', '17']","['44', '47', '46', '5', '48', '3', '49', '12', '8', '6', '9', '11', '10', '22']","['26', '16']","['1', '41']"
288,16 finished CPU → wait queue,cpu_to_io,16,CPU1,"['19', '21', '20', '23', '30', '31', '4', '33', '24', '36', '25', '28', '37', '27', '29', '43', '32', '45', '34', '7', '35', '15', '50', '38', '14', '39', '18', '40', '2', '42', '17']","['44', '47', '46', '5', '48', '3', '49', '12', '8', '6', '9', '11', '10', '22', '16']","['26', None]","['1', '41']"
288,19 dispatched to CPU1,dispatch_cpu,19,CPU1,"['21', '20', '23', '30', '31', '4', '33', '24', '36', '25', '28', '37', '27', '29', '43', '32', '45', '34', '7', '35', '15', '50', '38', '14', '39', '18', '40', '2', '42', '17']","['44', '47', '46', '5', '48', '3', '49', '12', '8', '6', '9', '11', '10', '22', '16']","['26', '19']","['1', '41']"
292,26 finished CPU → ready queue,cpu_to_ready,26,CPU0,"['21', '20', '23', '30', '31', '4', '33', '24', '36', '25', '28', '37', '27', '29', '43', '32', '45', '34', '7', '35', '15', '50', '38', '14', '39', '18', '40', '2', '42', '17', '26']","['44', '47', '46', '5', '48', '3', '49', '12', '8', '6', '9', '11', '10', '22', '16']","[None, '19']","['1', '41']"
292,21 dispatched to CPU0,dispatch_cpu,21,CPU0,"['20', '23', '30', '31', '4', '33', '24', '36', '25', '28', '37', '27', '29', '43', '32', '45', '34', '7', '35', '15', '50', '38', '14', '39', '18', '40', '2', '42', '17', '26']","['44', '47', '46', '5', '48', '3', '49', '12', '8', '6', '9', '11', '10', '22', '16']","['21', '19']","['1', '41']"
295,21 finished CPU → wait queue,cpu_to_io,21,CPU0,"['20', '23', '30', '31', '4', '33', '24', '36', '25', '28', '37', '27', '29', '43', '32', '45', '34', '7', '35', '15', '50', '38', '14', '39', '18', '40', '2', '42', '17', '26']","['44', '47', '46', '5', '48', '3', '49', '12', '8', '6', '9', '11', '10', '22', '16', '21']","[None, '19']","['1', '41']"
295,20 dispatched to CPU0,dispatch_cpu,20,CPU0,"['23', '30', '31', '4', '33', '24', '36', '25', '28', '37', '27', '29', '43', '32', '45', '34', '7', '35', '15', '50', '38', '14', '39', '18', '40', '2', '42', '17', '26']","['44', '47', '46', '5', '48', '3', '49', '12', '8', '6', '9', '11', '10', '22', '16', '21']","['20', '19']","['1', '41']"
298,19 finished CPU → wait queue,cpu_to_io,19,CPU1,"['23', '30', '31', '4', '33', '24', '36', '25', '28', '37', '27', '29', '43', '32', '45', '34', '7', '35', '15', '50', '38', '14', '39', '18', '40', '2', '42', '17', '26']","['44', '47', '46', '5', '48', '3', '49', '12', '8', '6', '9', '11', '10', '22', '16', '21', '19']","['20', None]","['1', '41']"
298,23 dispatched to CPU1,dispatch_cpu,23,CPU1,"['30', '31', '4', '33', '24', '36', '25', '28', '37', '27', '29', '43', '32', '45', '34', '7', '35', '15', '50', '38', '14', '39', '18', '40', '2', '42', '17', '26']","['44', '47', '46', '5', '48', '3', '49', '12', '8', '6', '9', '11', '10', '22', '16', '21', '19']","['20', '23']","['1', '41']"
300,1 finished I/O → ready queue,io_to_ready,1,IO0,"['30', '31', '4', '33', '24', '36', '25', '28', '37', '27', '29', '43', '32', '45', '34', '7', '35', '15', '50', '38', '14', '39', '18', '40', '2', '42', '17', '26', '1']","['44', '47', '46', '5', '48', '3', '49', '12', '8', '6', '9', '11', '10', '22', '16', '21', '19']","['20', '23']","[None, '41']"
300,44 dispatched to IO0,dispatch_io,44,IO0,"['30', '31', '4', '33', '24', '36', '25', '28', '37', '27', '29', '43', '32', '45', '34', '7', '35', '15', '50', '38', '14', '39', '18', '40', '2', '42', '17', '26', '1']","['47', '46', '5', '48', '3', '49', '12', '8', '6', '9', '11', '10', '22', '16', '21', '19']","['20', '23']","['44', '41']"
302,23 finished CPU → ready queue,cpu_to_ready,23,CPU1,"['30', '31', '4', '33', '24', '36', '25', '28', '37', '27', '29', '43', '32', '45', '34', '7', '35', '15', '50', '38', '14', '39', '18', '40', '2', '42', '17', '26', '1', '23']","['47', '46', '5', '48', '3', '49', '12', '8', '6', '9', '11', '10', '22', '16', '21', '19']","['20', None]","['44', '41']"
302,30 dispatched to CPU1,dispatch_cpu,30,CPU1,"['31', '4', '33', '24', '36', '25', '28', '37', '27', '29', '43', '32', '45', '34', '7', '35', '15', '50', '38', '14', '39', '18', '40', '2', '42', '17', '26', '1', '23']","['47', '46', '5', '48', '3', '49', '12', '8', '6', '9', '11', '10', '22', '16', '21', '19']","['20', '30']","['44', '41']"
306,41 finished I/O → ready queue,io_to_ready,41,IO1,"['31', '4', '33', '24', '36', '25', '28', '37', '27', '29', '43', '32', '45', '34', '7', '35', '15', '50', '38', '14', '39', '18', '40', '2', '42', '17', '26', '1', '23', '41']","['47', '46', '5', '48', '3', '49', '12', '8', '6', '9', '11', '10', '22', '16', '21', '19']","['20', '30']","['44', None]"
306,47 dispatched to IO1,dispatch_io,47,IO1,"['31', '4', '33', '24', '36', '25', '28', '37', '27', '29', '43', '32', '45', '34', '7', '35', '15', '50', '38', '14', '39', '18', '40', '2', '42', '17', '26', '1', '23', '41']","['46', '5', '48', '3', '49', '12', '8', '6', '9', '11', '10', '22', '16', '21', '19']","['20', '30']","['44', '47']"
307,20 finished CPU → ready queue,cpu_to_ready,20,CPU0,"['31', '4', '33', '24', '36', '25', '28', '37', '27', '29', '43', '32', '45', '34', '7', '35', '15', '50', '38', '14', '39', '18', '40', '2', '42', '17', '26', '1', '23', '41', '20']","['46', '5', '48', '3', '49', '12', '8', '6', '9', '11', '10', '22', '16', '21', '19']","[None, '30']","['44', '47']"
307,31 dispatched to CPU0,dispatch_cpu,31,CPU0,"['4', '33', '24', '36', '25', '28', '37', '27', '29', '43', '32', '45', '34', '7', '35', '15', '50', '38', '14', '39', '18', '40', '2', '42', '17', '26', '1', '23', '41', '20']","['46', '5', '48', '3', '49', '12', '8', '6', '9', '11', '10', '22', '16', '21', '19']","['31', '30']","['44', '47']"
314,44 finished I/O → ready queue,io_to_ready,44,IO0,"['4', '33', '24', '36', '25', '28', '37', '27', '29', '43', '32', '45', '34', '7', '35', '15', '50', '38', '14', '39', '18', '40', '2', '42', '17', '26', '1', '23', '41', '20', '44']","['46', '5', '48', '3', '49', '12', '8', '6', '9', '11', '10', '22', '16', '21', '19']","['31', '30']","[None, '47']"
314,46 dispatched to IO0,dispatch_io,46,IO0,"['4', '33', '24', '36', '25', '28', '37', '27', '29', '43', '32', '45', '34', '7', '35', '15', '50', '38', '14', '39', '18', '40', '2', '42', '17', '26', '1', '23', '41', '20', '44']","['5', '48', '3', '49', '12', '8', '6', '9', '11', '10', '22', '16', '21', '19']","['31', '30']","['46', '47']"
318,30 finished CPU → ready queue,cpu_to_ready,30,CPU1,"['4', '33', '24', '36', '25', '28', '37', '27', '29', '43', '32', '45', '34', '7', '35', '15', '50', '38', '14', '39', '18', '40', '2', '42', '17', '26', '1', '23', '41', '20', '44', '30']","['5', '48', '3', '49', '12', '8', '6', '9', '11', '10', '22', '16', '21', '19']","['31', None]","['46', '47']"
318,47 finished I/O → ready queue,io_to_ready,47,IO1,"['4', '33', '24', '36', '25', '28', '37', '27', '29', '43', '32', '45', '34', '7', '35', '15', '50', '38', '14', '39', '18', '40', '2', '42', '17', '26', '1', '23', '41', '20', '44', '30', '47']","['5', '48', '3', '49', '12', '8', '6', '9', '11', '10', '22', '16', '21', '19']","['31', None]","['46', None]"
318,4 dispatched to CPU1,dispatch_cpu,4,CPU1,"['33', '24', '36', '25', '28', '37', '27', '29', '43', '32', '45', '34', '7', '35', '15', '50', '38', '14', '39', '18', '40', '2', '42', '17', '26', '1', '23', '41', '20', '44', '30', '47']","['5', '48', '3', '49', '12', '8', '6', '9', '11', '10', '22', '16', '21', '19']","['31', '4']","['46', None]"
318,5 dispatched to IO1,dispatch_io,5,IO1,"['33', '24', '36', '25', '28', '37', '27', '29', '43', '32', '45', '34', '7', '35', '15', '50', '38', '14', '39', '18', '40', '2', '42', '17', '26', '1', '23', '41', '20', '44', '30', '47']","['48', '3', '49', '12', '8', '6', '9', '11', '10', '22', '16', '21', '19']","['31', '4']","['46', '5']"
319,31 finished CPU → ready queue,cpu_to_ready,31,CPU0,"['33', '24', '36', '25', '28', '37', '27', '29', '43', '32', '45', '34', '7', '35', '15', '50', '38', '14', '39', '18', '40', '2', '42', '17', '26', '1', '23', '41', '20', '44', '30', '47', '31']","['48', '3', '49', '12', '8', '6', '9', '11', '10', '22', '16', '21', '19']","[None, '4']","['46', '5']"
319,33 dispatched to CPU0,dispatch_cpu,33,CPU0,"['24', '36', '25', '28', '37', '27', '29', '43', '32', '45', '34', '7', '35', '15', '50', '38', '14', '39', '18', '40', '2', '42', '17', '26', '1', '23', '41', '20', '44', '30', '47', '31']","['48', '3', '49', '12', '8', '6', '9', '11', '10', '22', '16', '21', '19']","['33', '4']","['46', '5']"
321,5 finished I/O → ready queue,io_to_ready,5,IO1,"['24', '36', '25', '28', '37', '27', '29', '43', '32', '45', '34', '7', '35', '15', '50', '38', '14', '39', '18', '40', '2', '42', '17', '26', '1', '23', '41', '20', '44', '30', '47', '31', '5']","['48', '3', '49', '12', '8', '6', '9', '11', '10', '22', '16', '21', '19']","['33', '4']","['46', None]"
321,48 dispatched to IO1,dispatch_io,48,IO1,"['24', '36', '25', '28', '37', '27', '29', '43', '32', '45', '34', '7', '35', '15', '50', '38', '14', '39', '18', '40', '2', '42', '17', '26', '1', '23', '41', '20', '44', '30', '47', '31', '5']","['3', '49', '12', '8', '6', '9', '11', '10', '22', '16', '21', '19']","['33', '4']","['46', '48']"
326,4 finished CPU → ready queue,cpu_to_ready,4,CPU1,"['24', '36', '25', '28', '37', '27', '29', '43', '32', '45', '34', '7', '35', '15', '50', '38', '14', '39', '18', '40', '2', '42', '17', '26', '1', '23', '41', '20', '44', '30', '47', '31', '5', '4']","['3', '49', '12', '8', '6', '9', '11', '10', '22', '16', '21', '19']","['33', None]","['46', '48']"
326,24 dispatched to CPU1,dispatch_cpu,24,CPU1,"['36', '25', '28', '37', '27', '29', '43', '32', '45', '34', '7', '35', '15', '50', '38', '14', '39', '18', '40', '2', '42', '17', '26', '1', '23', '41', '20', '44', '30', '47', '31', '5', '4']","['3', '49', '12', '8', '6', '9', '11', '10', '22', '16', '21', '19']","['33', '24']","['46', '48']"
330,33 finished CPU → wait queue,cpu_to_io,33,CPU0,"['36', '25', '28', '37', '27', '29', '43', '32', '45', '34', '7', '35', '15', '50', '38', '14', '39', '18', '40', '2', '42', '17', '26', '1', '23', '41', '20', '44', '30', '47', '31', '5', '4']","['3', '49', '12', '8', '6', '9', '11', '10', '22', '16', '21', '19', '33']","[None, '24']","['46', '48']"
330,36 dispatched to CPU0,dispatch_cpu,36,CPU0,"['25', '28', '37', '27', '29', '43', '32', '45', '34', '7', '35', '15', '50', '38', '14', '39', '18', '40', '2', '42', '17', '26', '1', '23', '41', '20', '44', '30', '47', '31', '5', '4']","['3', '49', '12', '8', '6', '9', '11', '10', '22', '16', '21', '19', '33']","['36', '24']","['46', '48']"
333,24 finished CPU → ready queue,cpu_to_ready,24,CPU1,"['25', '28', '37', '27', '29', '43', '32', '45', '34', '7', '35', '15', '50', '38', '14', '39', '18', '40', '2', '42', '17', '26', '1', '23', '41', '20', '44', '30', '47', '31', '5', '4', '24']","['3', '49', '12', '8', '6', '9', '11', '10', '22', '16', '21', '19', '33']","['36', None]","['46', '48']"
333,25 dispatched to CPU1,dispatch_cpu,25,CPU1,"['28', '37', '27', '29', '43', '32', '45', '34', '7', '35', '15', '50', '38', '14', '39', '18', '40', '2', '42', '17', '26', '1', '23', '41', '20', '44', '30', '47', '31', '5', '4', '24']","['3', '49', '12', '8', '6', '9', '11', '10', '22', '16', '21', '19', '33']","['36', '25']","['46', '48']"
336,48 finished I/O → ready queue,io_to_ready,48,IO1,"['28', '37', '27', '29', '43', '32', '45', '34', '7', '35', '15', '50', '38', '14', '39', '18', '40', '2', '42', '17', '26', '1', '23', '41', '20', '44', '30', '47', '31', '5', '4', '24', '48']","['3', '49', '12', '8', '6', '9', '11', '10', '22', '16', '21', '19', '33']","['36', '25']","['46', None]"
336,3 dispatched to IO1,dispatch_io,3,IO1,"['28', '37', '27', '29', '43', '32', '45', '34', '7', '35', '15', '50', '38', '14', '39', '18', '40', '2', '42', '17', '26', '1', '23', '41', '20', '44', '30', '47', '31', '5', '4', '24', '48']","['49', '12', '8', '6', '9', '11', '10', '22', '16', '21', '19', '33']","['36', '25']","['46', '3']"
339,3 finished I/O → ready queue,io_to_ready,3,IO1,"['28', '37', '27', '29', '43', '32', '45', '34', '7', '35', '15', '50', '38', '14', '39', '18', '40', '2', '42', '17', '26', '1', '23', '41', '20', '44', '30', '47', '31', '5', '4', '24', '48', '3']","['49', '12', '8', '6', '9', '11', '10', '22', '16', '21', '19', '33']","['36', '25']","['46', None]"
339,49 dispatched to IO1,dispatch_io,49,IO1,"['28', '37', '27', '29', '43', '32', '45', '34', '7', '35', '15', '50', '38', '14', '39', '18', '40', '2', '42', '17', '26', '1', '23', '41', '20', '44', '30', '47', '31', '5', '4', '24', '48', '3']","['12', '8', '6', '9', '11', '10', '22', '16', '21', '19', '33']","['36', '25']","['46', '49']"
340,36 finished CPU → ready queue,cpu_to_ready,36,CPU0,"['28', '37', '27', '29', '43', '32', '45', '34', '7', '35', '15', '50', '38', '14', '39', '18', '40', '2', '42', '17', '26', '1', '23', '41', '20', '44', '30', '47', '31', '5', '4', '24', '48', '3', '36']","['12', '8', '6', '9', '11', '10', '22', '16', '21', '19', '33']","[None, '25']","['46', '49']"
340,25 finished CPU → ready queue,cpu_to_ready,25,CPU1,"['28', '37', '27', '29', '43', '32', '45', '34', '7', '35', '15', '50', '38', '14', '39', '18', '40', '2', '42', '17', '26', '1', '23', '41', '20', '44', '30', '47', '31', '5', '4', '24', '48', '3', '36', '25']","['12', '8', '6', '9', '11', '10', '22', '16', '21', '19', '33']","[None, None]","['46', '49']"
340,28 dispatched to CPU0,dispatch_cpu,28,CPU0,"['37', '27', '29', '43', '32', '45', '34', '7', '35', '15', '50', '38', '14', '39', '18', '40', '2', '42', '17', '26', '1', '23', '41', '20', '44', '30', '47', '31', '5', '4', '24', '48', '3', '36', '25']","['12', '8', '6', '9', '11', '10', '22', '16', '21', '19', '33']","['28', None]","['46', '49']"
340,37 dispatched to CPU1,dispatch_cpu,37,CPU1,"['27', '29', '43', '32', '45', '34', '7', '35', '15', '50', '38', '14', '39', '18', '40', '2', '42', '17', '26', '1', '23', '41', '20', '44', '30', '47', '31', '5', '4', '24', '48', '3', '36', '25']","['12', '8', '6', '9', '11', '10', '22', '16', '21', '19', '33']","['28', '37']","['46', '49']"
341,46 finished I/O → ready queue,io_to_ready,46,IO0,"['27', '29', '43', '32', '45', '34', '7', '35', '15', '50', '38', '14', '39', '18', '40', '2', '42', '17', '26', '1', '23', '41', '20', '44', '30', '47', '31', '5', '4', '24', '48', '3', '36', '25', '46']","['12', '8', '6', '9', '11', '10', '22', '16', '21', '19', '33']","['28', '37']","[None, '49']"
341,12 dispatched to IO0,dispatch_io,12,IO0,"['27', '29', '43', '32', '45', '34', '7', '35', '15', '50', '38', '14', '39', '18', '40', '2', '42', '17', '26', '1', '23', '41', '20', '44', '30', '47', '31', '5', '4', '24', '48', '3', '36', '25', '46']","['8', '6', '9', '11', '10', '22', '16', '21', '19', '33']","['28', '37']","['12', '49']"
343,49 finished I/O → ready queue,io_to_ready,49,IO1,"['27', '29', '43', '32', '45', '34', '7', '35', '15', '50', '38', '14', '39', '18', '40', '2', '42', '17', '26', '1', '23', '41', '20', '44', '30', '47', '31', '5', '4', '24', '48', '3', '36', '25', '46', '49']","['8', '6', '9', '11', '10', '22', '16', '21', '19', '33']","['28', '37']","['12', None]"
343,8 dispatched to IO1,dispatch_io,8,IO1,"['27', '29', '43', '32', '45', '34', '7', '35', '15', '50', '38', '14', '39', '18', '40', '2', '42', '17', '26', '1', '23', '41', '20', '44', '30', '47', '31', '5', '4', '24', '48', '3', '36', '25', '46', '49']","['6', '9', '11', '10', '22', '16', '21', '19', '33']","['28', '37']","['12', '8']"
345,28 finished CPU → ready queue,cpu_to_ready,28,CPU0,"['27', '29', '43', '32', '45', '34', '7', '35', '15', '50', '38', '14', '39', '18', '40', '2', '42', '17', '26', '1', '23', '41', '20', '44', '30', '47', '31', '5', '4', '24', '48', '3', '36', '25', '46', '49', '28']","['6', '9', '11', '10', '22', '16', '21', '19', '33']","[None, '37']","['12', '8']"
345,27 dispatched to CPU0,dispatch_cpu,27,CPU0,"['29', '43', '32', '45', '34', '7', '35', '15', '50', '38', '14', '39', '18', '40', '2', '42', '17', '26', '1', '23', '41', '20', '44', '30', '47', '31', '5', '4', '24', '48', '3', '36', '25', '46', '49', '28']","['6', '9', '11', '10', '22', '16', '21', '19', '33']","['27', '37']","['12', '8']"
347,37 finished CPU → wait queue,cpu_to_io,37,CPU1,"['29', '43', '32', '45', '34', '7', '35', '15', '50', '38', '14', '39', '18', '40', '2', '42', '17', '26', '1', '23', '41', '20', '44', '30', '47', '31', '5', '4', '24', '48', '3', '36', '25', '46', '49', '28']","['6', '9', '11', '10', '22', '16', '21', '19', '33', '37']","['27', None]","['12', '8']"
347,8 finished I/O → ready queue,io_to_ready,8,IO1,"['29', '43', '32', '45', '34', '7', '35', '15', '50', '38', '14', '39', '18', '40', '2', '42', '17', '26', '1', '23', '41', '20', '44', '30', '47', '31', '5', '4', '24', '48', '3', '36', '25', '46', '49', '28', '8']","['6', '9', '11', '10', '22', '16', '21', '19', '33', '37']","['27', None]","['12', None]"
347,29 dispatched to CPU1,dispatch_cpu,29,CPU1,"['43', '32', '45', '34', '7', '35', '15', '50', '38', '14', '39', '18', '40', '2', '42', '17', '26', '1', '23', '41', '20', '44', '30', '47', '31', '5', '4', '24', '48', '3', '36', '25', '46', '49', '28', '8']","['6', '9', '11', '10', '22', '16', '21', '19', '33', '37']","['27', '29']","['12', None]"
347,6 dispatched to IO1,dispatch_io,6,IO1,"['43', '32', '45', '34', '7', '35', '15', '50', '38', '14', '39', '18', '40', '2', '42', '17', '26', '1', '23', '41', '20', '44', '30', '47', '31', '5', '4', '24', '48', '3', '36', '25', '46', '49', '28', '8']","['9', '11', '10', '22', '16', '21', '19', '33', '37']","['27', '29']","['12', '6']"
354,27 finished CPU → wait queue,cpu_to_io,27,CPU0,"['43', '32', '45', '34', '7', '35', '15', '50', '38', '14', '39', '18', '40', '2', '42', '17', '26', '1', '23', '41', '20', '44', '30', '47', '31', '5', '4', '24', '48', '3', '36', '25', '46', '49', '28', '8']","['9', '11', '10', '22', '16', '21', '19', '33', '37', '27']","[None, '29']","['12', '6']"
354,43 dispatched to CPU0,dispatch_cpu,43,CPU0,"['32', '45', '34', '7', '35', '15', '50', '38', '14', '39', '18', '40', '2', '42', '17', '26', '1', '23', '41', '20', '44', '30', '47', '31', '5', '4', '24', '48', '3', '36', '25', '46', '49', '28', '8']","['9', '11', '10', '22', '16', '21', '19', '33', '37', '27']","['43', '29']","['12', '6']"
355,29 finished CPU → wait queue,cpu_to_io,29,CPU1,"['32', '45', '34', '7', '35', '15', '50', '38', '14', '39', '18', '40', '2', '42', '17', '26', '1', '23', '41', '20', '44', '30', '47', '31', '5', '4', '24', '48', '3', '36', '25', '46', '49', '28', '8']","['9', '11', '10', '22', '16', '21', '19', '33', '37', '27', '29']","['43', None]","['12', '6']"
355,32 dispatched to CPU1,dispatch_cpu,32,CPU1,"['45', '34', '7', '35', '15', '50', '38', '14', '39', '18', '40', '2', '42', '17', '26', '1', '23', '41', '20', '44', '30', '47', '31', '5', '4', '24', '48', '3', '36', '25', '46', '49', '28', '8']","['9', '11', '10', '22', '16', '21', '19', '33', '37', '27', '29']","['43', '32']","['12', '6']"
358,43 finished CPU → ready queue,cpu_to_ready,43,CPU0,"['45', '34', '7', '35', '15', '50', '38', '14', '39', '18', '40', '2', '42', '17', '26', '1', '23', '41', '20', '44', '30', '47', '31', '5', '4', '24', '48', '3', '36', '25', '46', '49', '28', '8', '43']","['9', '11', '10', '22', '16', '21', '19', '33', '37', '27', '29']","[None, '32']","['12', '6']"
358,45 dispatched to CPU0,dispatch_cpu,45,CPU0,"['34', '7', '35', '15', '50', '38', '14', '39', '18', '40', '2', '42', '17', '26', '1', '23', '41', '20', '44', '30', '47', '31', '5', '4', '24', '48', '3', '36', '25', '46', '49', '28', '8', '43']","['9', '11', '10', '22', '16', '21', '19', '33', '37', '27', '29']","['45', '32']","['12', '6']"
362,32 finished CPU → wait queue,cpu_to_io,32,CPU1,"['34', '7', '35', '15', '50', '38', '14', '39', '18', '40', '2', '42', '17', '26', '1', '23', '41', '20', '44', '30', '47', '31', '5', '4', '24', '48', '3', '36', '25', '46', '49', '28', '8', '43']","['9', '11', '10', '22', '16', '21', '19', '33', '37', '27', '29', '32']","['45', None]","['12', '6']"
362,34 dispatched to CPU1,dispatch_cpu,34,CPU1,"['7', '35', '15', '50', '38', '14', '39', '18', '40', '2', '42', '17', '26', '1', '23', '41', '20', '44', '30', '47', '31', '5', '4', '24', '48', '3', '36', '25', '46', '49', '28', '8', '43']","['9', '11', '10', '22', '16', '21', '19', '33', '37', '27', '29', '32']","['45', '34']","['12', '6']"
365,45 finished CPU → ready queue,cpu_to_ready,45,CPU0,"['7', '35', '15', '50', '38', '14', '39', '18', '40', '2', '42', '17', '26', '1', '23', '41', '20', '44', '30', '47', '31', '5', '4', '24', '48', '3', '36', '25', '46', '49', '28', '8', '43', '45']","['9', '11', '10', '22', '16', '21', '19', '33', '37', '27', '29', '32']","[None, '34']","['12', '6']"
365,7 dispatched to CPU0,dispatch_cpu,7,CPU0,"['35', '15', '50', '38', '14', '39', '18', '40', '2', '42', '17', '26', '1', '23', '41', '20', '44', '30', '47', '31', '5', '4', '24', '48', '3', '36', '25', '46', '49', '28', '8', '43', '45']","['9', '11', '10', '22', '16', '21', '19', '33', '37', '27', '29', '32']","['7', '34']","['12', '6']"
367,34 finished CPU → wait queue,cpu_to_io,34,CPU1,"['35', '15', '50', '38', '14', '39', '18', '40', '2', '42', '17', '26', '1', '23', '41', '20', '44', '30', '47', '31', '5', '4', '24', '48', '3', '36', '25', '46', '49', '28', '8', '43', '45']","['9', '11', '10', '22', '16', '21', '19', '33', '37', '27', '29', '32', '34']","['7', None]","['12', '6']"
367,35 dispatched to CPU1,dispatch_cpu,35,CPU1,"['15', '50', '38', '14', '39', '18', '40', '2', '42', '17', '26', '1', '23', '41', '20', '44', '30', '47', '31', '5', '4', '24', '48', '3', '36', '25', '46', '49', '28', '8', '43', '45']","['9', '11', '10', '22', '16', '21', '19', '33', '37', '27', '29', '32', '34']","['7', '35']","['12', '6']"
368,7 finished CPU → wait queue,cpu_to_io,7,CPU0,"['15', '50', '38', '14', '39', '18', '40', '2', '42', '17', '26', '1', '23', '41', '20', '44', '30', '47', '31', '5', '4', '24', '48', '3', '36', '25', '46', '49', '28', '8', '43', '45']","['9', '11', '10', '22', '16', '21', '19', '33', '37', '27', '29', '32', '34', '7']","[None, '35']","['12', '6']"
368,15 dispatched to CPU0,dispatch_cpu,15,CPU0,"['50', '38', '14', '39', '18', '40', '2', '42', '17', '26', '1', '23', '41', '20', '44', '30', '47', '31', '5', '4', '24', '48', '3', '36', '25', '46', '49', '28', '8', '43', '45']","['9', '11', '10', '22', '16', '21', '19', '33', '37', '27', '29', '32', '34', '7']","['15', '35']","['12', '6']"
370,12 finished I/O → ready queue,io_to_ready,12,IO0,"['50', '38', '14', '39', '18', '40', '2', '42', '17', '26', '1', '23', '41', '20', '44', '30', '47', '31', '5', '4', '24', '48', '3', '36', '25', '46', '49', '28', '8', '43', '45', '12']","['9', '11', '10', '22', '16', '21', '19', '33', '37', '27', '29', '32', '34', '7']","['15', '35']","[None, '6']"
370,9 dispatched to IO0,dispatch_io,9,IO0,"['50', '38', '14', '39', '18', '40', '2', '42', '17', '26', '1', '23', '41', '20', '44', '30', '47', '31', '5', '4', '24', '48', '3', '36', '25', '46', '49', '28', '8', '43', '45', '12']","['11', '10', '22', '16', '21', '19', '33', '37', '27', '29', '32', '34', '7']","['15', '35']","['9', '6']"
375,15 finished CPU → wait queue,cpu_to_io,15,CPU0,"['50', '38', '14', '39', '18', '40', '2', '42', '17', '26', '1', '23', '41', '20', '44', '30', '47', '31', '5', '4', '24', '48', '3', '36', '25', '46', '49', '28', '8', '43', '45', '12']","['11', '10', '22', '16', '21', '19', '33', '37', '27', '29', '32', '34', '7', '15']","[None, '35']","['9', '6']"
375,6 finished I/O → ready queue,io_to_ready,6,IO1,"['50', '38', '14', '39', '18', '40', '2', '42', '17', '26', '1', '23', '41', '20', '44', '30', '47', '31', '5', '4', '24', '48', '3', '36', '25', '46', '49', '28', '8', '43', '45', '12', '6']","['11', '10', '22', '16', '21', '19', '33', '37', '27', '29', '32', '34', '7', '15']","[None, '35']","['9', None]"
375,50 dispatched to CPU0,dispatch_cpu,50,CPU0,"['38', '14', '39', '18', '40', '2', '42', '17', '26', '1', '23', '41', '20', '44', '30', '47', '31', '5', '4', '24', '48', '3', '36', '25', '46', '49', '28', '8', '43', '45', '12', '6']","['11', '10', '22', '16', '21', '19', '33', '37', '27', '29', '32', '34', '7', '15']","['50', '35']","['9', None]"
375,11 dispatched to IO1,dispatch_io,11,IO1,"['38', '14', '39', '18', '40', '2', '42', '17', '26', '1', '23', '41', '20', '44', '30', '47', '31', '5', '4', '24', '48', '3', '36', '25', '46', '49', '28', '8', '43', '45', '12', '6']","['10', '22', '16', '21', '19', '33', '37', '27', '29', '32', '34', '7', '15']","['50', '35']","['9', '11']"
378,35 finished CPU → wait queue,cpu_to_io,35,CPU1,"['38', '14', '39', '18', '40', '2', '42', '17', '26', '1', '23', '41', '20', '44', '30', '47', '31', '5', '4', '24', '48', '3', '36', '25', '46', '49', '28', '8', '43', '45', '12', '6']","['10', '22', '16', '21', '19', '33', '37', '27', '29', '32', '34', '7', '15', '35']","['50', None]","['9', '11']"
378,38 dispatched to CPU1,dispatch_cpu,38,CPU1,"['14', '39', '18', '40', '2', '42', '17', '26', '1', '23', '41', '20', '44', '30', '47', '31', '5', '4', '24', '48', '3', '36', '25', '46', '49', '28', '8', '43', '45', '12', '6']","['10', '22', '16', '21', '19', '33', '37', '27', '29', '32', '34', '7', '15', '35']","['50', '38']","['9', '11']"
382,11 finished I/O → ready queue,io_to_ready,11,IO1,"['14', '39', '18', '40', '2', '42', '17', '26', '1', '23', '41', '20', '44', '30', '47', '31', '5', '4', '24', '48', '3', '36', '25', '46', '49', '28', '8', '43', '45', '12', '6', '11']","['10', '22', '16', '21', '19', '33', '37', '27', '29', '32', '34', '7', '15', '35']","['50', '38']","['9', None]"
382,10 dispatched to IO1,dispatch_io,10,IO1,"['14', '39', '18', '40', '2', '42', '17', '26', '1', '23', '41', '20', '44', '30', '47', '31', '5', '4', '24', '48', '3', '36', '25', '46', '49', '28', '8', '43', '45', '12', '6', '11']","['22', '16', '21', '19', '33', '37', '27', '29', '32', '34', '7', '15', '35']","['50', '38']","['9', '10']"
383,38 finished CPU → ready queue,cpu_to_ready,38,CPU1,"['14', '39', '18', '40', '2', '42', '17', '26', '1', '23', '41', '20', '44', '30', '47', '31', '5', '4', '24', '48', '3', '36', '25', '46', '49', '28', '8', '43', '45', '12', '6', '11', '38']","['22', '16', '21', '19', '33', '37', '27', '29', '32', '34', '7', '15', '35']","['50', None]","['9', '10']"
383,14 dispatched to CPU1,dispatch_cpu,14,CPU1,"['39', '18', '40', '2', '42', '17', '26', '1', '23', '41', '20', '44', '30', '47', '31', '5', '4', '24', '48', '3', '36', '25', '46', '49', '28', '8', '43', '45', '12', '6', '11', '38']","['22', '16', '21', '19', '33', '37', '27', '29', '32', '34', '7', '15', '35']","['50', '14']","['9', '10']"
384,14 finished CPU → ready queue,cpu_to_ready,14,CPU1,"['39', '18', '40', '2', '42', '17', '26', '1', '23', '41', '20', '44', '30', '47', '31', '5', '4', '24', '48', '3', '36', '25', '46', '49', '28', '8', '43', '45', '12', '6', '11', '38', '14']","['22', '16', '21', '19', '33', '37', '27', '29', '32', '34', '7', '15', '35']","['50', None]","['9', '10']"
384,39 dispatched to CPU1,dispatch_cpu,39,CPU1,"['18', '40', '2', '42', '17', '26', '1', '23', '41', '20', '44', '30', '47', '31', '5', '4', '24', '48', '3', '36', '25', '46', '49', '28', '8', '43', '45', '12', '6', '11', '38', '14']","['22', '16', '21', '19', '33', '37', '27', '29', '32', '34', '7', '15', '35']","['50', '39']","['9', '10']"
385,50 finished CPU → ready queue,cpu_to_ready,50,CPU0,"['18', '40', '2', '42', '17', '26', '1', '23', '41', '20', '44', '30', '47', '31', '5', '4', '24', '48', '3', '36', '25', '46', '49', '28', '8', '43', '45', '12', '6', '11', '38', '14', '50']","['22', '16', '21', '19', '33', '37', '27', '29', '32', '34', '7', '15', '35']","[None, '39']","['9', '10']"
385,18 dispatched to CPU0,dispatch_cpu,18,CPU0,"['40', '2', '42', '17', '26', '1', '23', '41', '20', '44', '30', '47', '31', '5', '4', '24', '48', '3', '36', '25', '46', '49', '28', '8', '43', '45', '12', '6', '11', '38', '14', '50']","['22', '16', '21', '19', '33', '37', '27', '29', '32', '34', '7', '15', '35']","['18', '39']","['9', '10']"
387,9 finished I/O → ready queue,io_to_ready,9,IO0,"['40', '2', '42', '17', '26', '1', '23', '41', '20', '44', '30', '47', '31', '5', '4', '24', '48', '3', '36', '25', '46', '49', '28', '8', '43', '45', '12', '6', '11', '38', '14', '50', '9']","['22', '16', '21', '19', '33', '37', '27', '29', '32', '34', '7', '15', '35']","['18', '39']","[None, '10']"
387,22 dispatched to IO0,dispatch_io,22,IO0,"['40', '2', '42', '17', '26', '1', '23', '41', '20', '44', '30', '47', '31', '5', '4', '24', '48', '3', '36', '25', '46', '49', '28', '8', '43', '45', '12', '6', '11', '38', '14', '50', '9']","['16', '21', '19', '33', '37', '27', '29', '32', '34', '7', '15', '35']","['18', '39']","['22', '10']"
390,39 finished CPU → ready queue,cpu_to_ready,39,CPU1,"['40', '2', '42', '17', '26', '1', '23', '41', '20', '44', '30', '47', '31', '5', '4', '24', '48', '3', '36', '25', '46', '49', '28', '8', '43', '45', '12', '6', '11', '38', '14', '50', '9', '39']","['16', '21', '19', '33', '37', '27', '29', '32', '34', '7', '15', '35']","['18', None]","['22', '10']"
390,40 dispatched to CPU1,dispatch_cpu,40,CPU1,"['2', '42', '17', '26', '1', '23', '41', '20', '44', '30', '47', '31', '5', '4', '24', '48', '3', '36', '25', '46', '49', '28', '8', '43', '45', '12', '6', '11', '38', '14', '50', '9', '39']","['16', '21', '19', '33', '37', '27', '29', '32', '34', '7', '15', '35']","['18', '40']","['22', '10']"
391,18 finished CPU → ready queue,cpu_to_ready,18,CPU0,"['2', '42', '17', '26', '1', '23', '41', '20', '44', '30', '47', '31', '5', '4', '24', '48', '3', '36', '25', '46', '49', '28', '8', '43', '45', '12', '6', '11', '38', '14', '50', '9', '39', '18']","['16', '21', '19', '33', '37', '27', '29', '32', '34', '7', '15', '35']","[None, '40']","['22', '10']"
391,2 dispatched to CPU0,dispatch_cpu,2,CPU0,"['42', '17', '26', '1', '23', '41', '20', '44', '30', '47', '31', '5', '4', '24', '48', '3', '36', '25', '46', '49', '28', '8', '43', '45', '12', '6', '11', '38', '14', '50', '9', '39', '18']","['16', '21', '19', '33', '37', '27', '29', '32', '34', '7', '15', '35']","['2', '40']","['22', '10']"
399,10 finished I/O → ready queue,io_to_ready,10,IO1,"['42', '17', '26', '1', '23', '41', '20', '44', '30', '47', '31', '5', '4', '24', '48', '3', '36', '25', '46', '49', '28', '8', '43', '45', '12', '6', '11', '38', '14', '50', '9', '39', '18', '10']","['16', '21', '19', '33', '37', '27', '29', '32', '34', '7', '15', '35']","['2', '40']","['22', None]"
399,16 dispatched to IO1,dispatch_io,16,IO1,"['42', '17', '26', '1', '23', '41', '20', '44', '30', '47', '31', '5', '4', '24', '48', '3', '36', '25', '46', '49', '28', '8', '43', '45', '12', '6', '11', '38', '14', '50', '9', '39', '18', '10']","['21', '19', '33', '37', '27', '29', '32', '34', '7', '15', '35']","['2', '40']","['22', '16']"
400,2 finished CPU → ready queue,cpu_to_ready,2,CPU0,"['42', '17', '26', '1', '23', '41', '20', '44', '30', '47', '31', '5', '4', '24', '48', '3', '36', '25', '46', '49', '28', '8', '43', '45', '12', '6', '11', '38', '14', '50', '9', '39', '18', '10', '2']","['21', '19', '33', '37', '27', '29', '32', '34', '7', '15', '35']","[None, '40']","['22', '16']"
400,40 finished CPU → wait queue,cpu_to_io,40,CPU1,"['42', '17', '26', '1', '23', '41', '20', '44', '30', '47', '31', '5', '4', '24', '48', '3', '36', '25', '46', '49', '28', '8', '43', '45', '12', '6', '11', '38', '14', '50', '9', '39', '18', '10', '2']","['21', '19', '33', '37', '27', '29', '32', '34', '7', '15', '35', '40']","[None, None]","['22', '16']"
400,42 dispatched to CPU0,dispatch_cpu,42,CPU0,"['17', '26', '1', '23', '41', '20', '44', '30', '47', '31', '5', '4', '24', '48', '3', '36', '25', '46', '49', '28', '8', '43', '45', '12', '6', '11', '38', '14', '50', '9', '39', '18', '10', '2']","['21', '19', '33', '37', '27', '29', '32', '34', '7', '15', '35', '40']","['42', None]","['22', '16']"
400,17 dispatched to CPU1,dispatch_cpu,17,CPU1,"['26', '1', '23', '41', '20', '44', '30', '47', '31', '5', '4', '24', '48', '3', '36', '25', '46', '49', '28', '8', '43', '45', '12', '6', '11', '38', '14', '50', '9', '39', '18', '10', '2']","['21', '19', '33', '37', '27', '29', '32', '34', '7', '15', '35', '40']","['42', '17']","['22', '16']"
407,17 finished CPU → ready queue,cpu_to_ready,17,CPU1,"['26', '1', '23', '41', '20', '44', '30', '47', '31', '5', '4', '24', '48', '3', '36', '25', '46', '49', '28', '8', '43', '45', '12', '6', '11', '38', '14', '50', '9', '39', '18', '10', '2', '17']","['21', '19', '33', '37', '27', '29', '32', '34', '7', '15', '35', '40']","['42', None]","['22', '16']"
407,26 dispatched to CPU1,dispatch_cpu,26,CPU1,"['1', '23', '41', '20', '44', '30', '47', '31', '5', '4', '24', '48', '3', '36', '25', '46', '49', '28', '8', '43', '45', '12', '6', '11', '38', '14', '50', '9', '39', '18', '10', '2', '17']","['21', '19', '33', '37', '27', '29', '32', '34', '7', '15', '35', '40']","['42', '26']","['22', '16']"
408,42 finished CPU → wait queue,cpu_to_io,42,CPU0,"['1', '23', '41', '20', '44', '30', '47', '31', '5', '4', '24', '48', '3', '36', '25', '46', '49', '28', '8', '43', '45', '12', '6', '11', '38', '14', '50', '9', '39', '18', '10', '2', '17']","['21', '19', '33', '37', '27', '29', '32', '34', '7', '15', '35', '40', '42']","[None, '26']","['22', '16']"
408,1 dispatched to CPU0,dispatch_cpu,1,CPU0,"['23', '41', '20', '44', '30', '47', '31', '5', '4', '24', '48', '3', '36', '25', '46', '49', '28', '8', '43', '45', '12', '6', '11', '38', '14', '50', '9', '39', '18', '10', '2', '17']","['21', '19', '33', '37', '27', '29', '32', '34', '7', '15', '35', '40', '42']","['1', '26']","['22', '16']"
415,26 finished CPU → wait queue,cpu_to_io,26,CPU1,"['23', '41', '20', '44', '30', '47', '31', '5', '4', '24', '48', '3', '36', '25', '46', '49', '28', '8', '43', '45', '12', '6', '11', '38', '14', '50', '9', '39', '18', '10', '2', '17']","['21', '19', '33', '37', '27', '29', '32', '34', '7', '15', '35', '40', '42', '26']","['1', None]","['22', '16']"
415,22 finished I/O → ready queue,io_to_ready,22,IO0,"['23', '41', '20', '44', '30', '47', '31', '5', '4', '24', '48', '3', '36', '25', '46', '49', '28', '8', '43', '45', '12', '6', '11', '38', '14', '50', '9', '39', '18', '10', '2', '17', '22']","['21', '19', '33', '37', '27', '29', '32', '34', '7', '15', '35', '40', '42', '26']","['1', None]","[None, '16']"
415,23 dispatched to CPU1,dispatch_cpu,23,CPU1,"['41', '20', '44', '30', '47', '31', '5', '4', '24', '48', '3', '36', '25', '46', '49', '28', '8', '43', '45', '12', '6', '11', '38', '14', '50', '9', '39', '18', '10', '2', '17', '22']","['21', '19', '33', '37', '27', '29', '32', '34', '7', '15', '35', '40', '42', '26']","['1', '23']","[None, '16']"
415,21 dispatched to IO0,dispatch_io,21,IO0,"['41', '20', '44', '30', '47', '31', '5', '4', '24', '48', '3', '36', '25', '46', '49', '28', '8', '43', '45', '12', '6', '11', '38', '14', '50', '9', '39', '18', '10', '2', '17', '22']","['19', '33', '37', '27', '29', '32', '34', '7', '15', '35', '40', '42', '26']","['1', '23']","['21', '16']"
416,1 finished CPU → wait queue,cpu_to_io,1,CPU0,"['41', '20', '44', '30', '47', '31', '5', '4', '24', '48', '3', '36', '25', '46', '49', '28', '8', '43', '45', '12', '6', '11', '38', '14', '50', '9', '39', '18', '10', '2', '17', '22']","['19', '33', '37', '27', '29', '32', '34', '7', '15', '35', '40', '42', '26', '1']","[None, '23']","['21', '16']"
416,41 dispatched to CPU0,dispatch_cpu,41,CPU0,"['20', '44', '30', '47', '31', '5', '4', '24', '48', '3', '36', '25', '46', '49', '28', '8', '43', '45', '12', '6', '11', '38', '14', '50', '9', '39', '18', '10', '2', '17', '22']","['19', '33', '37', '27', '29', '32', '34', '7', '15', '35', '40', '42', '26', '1']","['41', '23']","['21', '16']"
419,16 finished I/O → ready queue,io_to_ready,16,IO1,"['20', '44', '30', '47', '31', '5', '4', '24', '48', '3', '36', '25', '46', '49', '28', '8', '43', '45', '12', '6', '11', '38', '14', '50', '9', '39', '18', '10', '2', '17', '22', '16']","['19', '33', '37', '27', '29', '32', '34', '7', '15', '35', '40', '42', '26', '1']","['41', '23']","['21', None]"
419,19 dispatched to IO1,dispatch_io,19,IO1,"['20', '44', '30', '47', '31', '5', '4', '24', '48', '3', '36', '25', '46', '49', '28', '8', '43', '45', '12', '6', '11', '38', '14', '50', '9', '39', '18', '10', '2', '17', '22', '16']","['33', '37', '27', '29', '32', '34', '7', '15', '35', '40', '42', '26', '1']","['41', '23']","['21', '19']"
421,23 finished CPU → ready queue,cpu_to_ready,23,CPU1,"['20', '44', '30', '47', '31', '5', '4', '24', '48', '3', '36', '25', '46', '49', '28', '8', '43', '45', '12', '6', '11', '38', '14', '50', '9', '39', '18', '10', '2', '17', '22', '16', '23']","['33', '37', '27', '29', '32', '34', '7', '15', '35', '40', '42', '26', '1']","['41', None]","['21', '19']"
421,20 dispatched to CPU1,dispatch_cpu,20,CPU1,"['44', '30', '47', '31', '5', '4', '24', '48', '3', '36', '25', '46', '49', '28', '8', '43', '45', '12', '6', '11', '38', '14', '50', '9', '39', '18', '10', '2', '17', '22', '16', '23']","['33', '37', '27', '29', '32', '34', '7', '15', '35', '40', '42', '26', '1']","['41', '20']","['21', '19']"
422,21 finished I/O → ready queue,io_to_ready,21,IO0,"['44', '30', '47', '31', '5', '4', '24', '48', '3', '36', '25', '46', '49', '28', '8', '43', '45', '12', '6', '11', '38', '14', '50', '9', '39', '18', '10', '2', '17', '22', '16', '23', '21']","['33', '37', '27', '29', '32', '34', '7', '15', '35', '40', '42', '26', '1']","['41', '20']","[None, '19']"
422,33 dispatched to IO0,dispatch_io,33,IO0,"['44', '30', '47', '31', '5', '4', '24', '48', '3', '36', '25', '46', '49', '28', '8', '43', '45', '12', '6', '11', '38', '14', '50', '9', '39', '18', '10', '2', '17', '22', '16', '23', '21']","['37', '27', '29', '32', '34', '7', '15', '35', '40', '42', '26', '1']","['41', '20']","['33', '19']"
430,19 finished I/O → ready queue,io_to_ready,19,IO1,"['44', '30', '47', '31', '5', '4', '24', '48', '3', '36', '25', '46', '49', '28', '8', '43', '45', '12', '6', '11', '38', '14', '50', '9', '39', '18', '10', '2', '17', '22', '16', '23', '21', '19']","['37', '27', '29', '32', '34', '7', '15', '35', '40', '42', '26', '1']","['41', '20']","['33', None]"
430,37 dispatched to IO1,dispatch_io,37,IO1,"['44', '30', '47', '31', '5', '4', '24', '48', '3', '36', '25', '46', '49', '28', '8', '43', '45', '12', '6', '11', '38', '14', '50', '9', '39', '18', '10', '2', '17', '22', '16', '23', '21', '19']","['27', '29', '32', '34', '7', '15', '35', '40', '42', '26', '1']","['41', '20']","['33', '37']"
431,41 finished CPU → wait queue,cpu_to_io,41,CPU0,"['44', '30', '47', '31', '5', '4', '24', '48', '3', '36', '25', '46', '49', '28', '8', '43', '45', '12', '6', '11', '38', '14', '50', '9', '39', '18', '10', '2', '17', '22', '16', '23', '21', '19']","['27', '29', '32', '34', '7', '15', '35', '40', '42', '26', '1', '41']","[None, '20']","['33', '37']"
431,44 dispatched to CPU0,dispatch_cpu,44,CPU0,"['30', '47', '31', '5', '4', '24', '48', '3', '36', '25', '46', '49', '28', '8', '43', '45', '12', '6', '11', '38', '14', '50', '9', '39', '18', '10', '2', '17', '22', '16', '23', '21', '19']","['27', '29', '32', '34', '7', '15', '35', '40', '42', '26', '1', '41']","['44', '20']","['33', '37']"
432,20 finished CPU → wait queue,cpu_to_io,20,CPU1,"['30', '47', '31', '5', '4', '24', '48', '3', '36', '25', '46', '49', '28', '8', '43', '45', '12', '6', '11', '38', '14', '50', '9', '39', '18', '10', '2', '17', '22', '16', '23', '21', '19']","['27', '29', '32', '34', '7', '15', '35', '40', '42', '26', '1', '41', '20']","['44', None]","['33', '37']"
432,30 dispatched to CPU1,dispatch_cpu,30,CPU1,"['47', '31', '5', '4', '24', '48', '3', '36', '25', '46', '49', '28', '8', '43', '45', '12', '6', '11', '38', '14', '50', '9', '39', '18', '10', '2', '17', '22', '16', '23', '21', '19']","['27', '29', '32', '34', '7', '15', '35', '40', '42', '26', '1', '41', '20']","['44', '30']","['33', '37']"
433,44 finished CPU → wait queue,cpu_to_io,44,CPU0,"['47', '31', '5', '4', '24', '48', '3', '36', '25', '46', '49', '28', '8', '43', '45', '12', '6', '11', '38', '14', '50', '9', '39', '18', '10', '2', '17', '22', '16', '23', '21', '19']","['27', '29', '32', '34', '7', '15', '35', '40', '42', '26', '1', '41', '20', '44']","[None, '30']","['33', '37']"
433,47 dispatched to CPU0,dispatch_cpu,47,CPU0,"['31', '5', '4', '24', '48', '3', '36', '25', '46', '49', '28', '8', '43', '45', '12', '6', '11', '38', '14', '50', '9', '39', '18', '10', '2', '17', '22', '16', '23', '21', '19']","['27', '29', '32', '34', '7', '15', '35', '40', '42', '26', '1', '41', '20', '44']","['47', '30']","['33', '37']"
435,47 finished CPU → ready queue,cpu_to_ready,47,CPU0,"['31', '5', '4', '24', '48', '3', '36', '25', '46', '49', '28', '8', '43', '45', '12', '6', '11', '38', '14', '50', '9', '39', '18', '10', '2', '17', '22', '16', '23', '21', '19', '47']","['27', '29', '32', '34', '7', '15', '35', '40', '42', '26', '1', '41', '20', '44']","[None, '30']","['33', '37']"
435,31 dispatched to CPU0,dispatch_cpu,31,CPU0,"['5', '4', '24', '48', '3', '36', '25', '46', '49', '28', '8', '43', '45', '12', '6', '11', '38', '14', '50', '9', '39', '18', '10', '2', '17', '22', '16', '23', '21', '19', '47']","['27', '29', '32', '34', '7', '15', '35', '40', '42', '26', '1', '41', '20', '44']","['31', '30']","['33', '37']"
441,33 finished I/O → ready queue,io_to_ready,33,IO0,"['5', '4', '24', '48', '3', '36', '25', '46', '49', '28', '8', '43', '45', '12', '6', '11', '38', '14', '50', '9', '39', '18', '10', '2', '17', '22', '16', '23', '21', '19', '47', '33']","['27', '29', '32', '34', '7', '15', '35', '40', '42', '26', '1', '41', '20', '44']","['31', '30']","[None, '37']"
441,27 dispatched to IO0,dispatch_io,27,IO0,"['5', '4', '24', '48', '3', '36', '25', '46', '49', '28', '8', '43', '45', '12', '6', '11', '38', '14', '50', '9', '39', '18', '10', '2', '17', '22', '16', '23', '21', '19', '47', '33']","['29', '32', '34', '7', '15', '35', '40', '42', '26', '1', '41', '20', '44']","['31', '30']","['27', '37']"
444,30 finished CPU → ready queue,cpu_to_ready,30,CPU1,"['5', '4', '24', '48', '3', '36', '25', '46', '49', '28', '8', '43', '45', '12', '6', '11', '38', '14', '50', '9', '39', '18', '10', '2', '17', '22', '16', '23', '21', '19', '47', '33', '30']","['29', '32', '34', '7', '15', '35', '40', '42', '26', '1', '41', '20', '44']","['31', None]","['27', '37']"
444,5 dispatched to CPU1,dispatch_cpu,5,CPU1,"['4', '24', '48', '3', '36', '25', '46', '49', '28', '8', '43', '45', '12', '6', '11', '38', '14', '50', '9', '39', '18', '10', '2', '17', '22', '16', '23', '21', '19', '47', '33', '30']","['29', '32', '34', '7', '15', '35', '40', '42', '26', '1', '41', '20', '44']","['31', '5']","['27', '37']"
446,31 finished CPU → wait queue,cpu_to_io,31,CPU0,"['4', '24', '48', '3', '36', '25', '46', '49', '28', '8', '43', '45', '12', '6', '11', '38', '14', '50', '9', '39', '18', '10', '2', '17', '22', '16', '23', '21', '19', '47', '33', '30']","['29', '32', '34', '7', '15', '35', '40', '42', '26', '1', '41', '20', '44', '31']","[None, '5']","['27', '37']"
446,4 dispatched to CPU0,dispatch_cpu,4,CPU0,"['24', '48', '3', '36', '25', '46', '49', '28', '8', '43', '45', '12', '6', '11', '38', '14', '50', '9', '39', '18', '10', '2', '17', '22', '16', '23', '21', '19', '47', '33', '30']","['29', '32', '34', '7', '15', '35', '40', '42', '26', '1', '41', '20', '44', '31']","['4', '5']","['27', '37']"
448,5 finished CPU → wait queue,cpu_to_io,5,CPU1,"['24', '48', '3', '36', '25', '46', '49', '28', '8', '43', '45', '12', '6', '11', '38', '14', '50', '9', '39', '18', '10', '2', '17', '22', '16', '23', '21', '19', '47', '33', '30']","['29', '32', '34', '7', '15', '35', '40', '42', '26', '1', '41', '20', '44', '31', '5']","['4', None]","['27', '37']"
448,24 dispatched to CPU1,dispatch_cpu,24,CPU1,"['48', '3', '36', '25', '46', '49', '28', '8', '43', '45', '12', '6', '11', '38', '14', '50', '9', '39', '18', '10', '2', '17', '22', '16', '23', '21', '19', '47', '33', '30']","['29', '32', '34', '7', '15', '35', '40', '42', '26', '1', '41', '20', '44', '31', '5']","['4', '24']","['27', '37']"
452,37 finished I/O → ready queue,io_to_ready,37,IO1,"['48', '3', '36', '25', '46', '49', '28', '8', '43', '45', '12', '6', '11', '38', '14', '50', '9', '39', '18', '10', '2', '17', '22', '16', '23', '21', '19', '47', '33', '30', '37']","['29', '32', '34', '7', '15', '35', '40', '42', '26', '1', '41', '20', '44', '31', '5']","['4', '24']","['27', None]"
452,29 dispatched to IO1,dispatch_io,29,IO1,"['48', '3', '36', '25', '46', '49', '28', '8', '43', '45', '12', '6', '11', '38', '14', '50', '9', '39', '18', '10', '2', '17', '22', '16', '23', '21', '19', '47', '33', '30', '37']","['32', '34', '7', '15', '35', '40', '42', '26', '1', '41', '20', '44', '31', '5']","['4', '24']","['27', '29']"
453,4 finished CPU → wait queue,cpu_to_io,4,CPU0,"['48', '3', '36', '25', '46', '49', '28', '8', '43', '45', '12', '6', '11', '38', '14', '50', '9', '39', '18', '10', '2', '17', '22', '16', '23', '21', '19', '47', '33', '30', '37']","['32', '34', '7', '15', '35', '40', '42', '26', '1', '41', '20', '44', '31', '5', '4']","[None, '24']","['27', '29']"
453,48 dispatched to CPU0,dispatch_cpu,48,CPU0,"['3', '36', '25', '46', '49', '28', '8', '43', '45', '12', '6', '11', '38', '14', '50', '9', '39', '18', '10', '2', '17', '22', '16', '23', '21', '19', '47', '33', '30', '37']","['32', '34', '7', '15', '35', '40', '42', '26', '1', '41', '20', '44', '31', '5', '4']","['48', '24']","['27', '29']"
455,24 finished CPU → ready queue,cpu_to_ready,24,CPU1,"['3', '36', '25', '46', '49', '28', '8', '43', '45', '12', '6', '11', '38', '14', '50', '9', '39', '18', '10', '2', '17', '22', '16', '23', '21', '19', '47', '33', '30', '37', '24']","['32', '34', '7', '15', '35', '40', '42', '26', '1', '41', '20', '44', '31', '5', '4']","['48', None]","['27', '29']"
455,3 dispatched to CPU1,dispatch_cpu,3,CPU1,"['36', '25', '46', '49', '28', '8', '43', '45', '12', '6', '11', '38', '14', '50', '9', '39', '18', '10', '2', '17', '22', '16', '23', '21', '19', '47', '33', '30', '37', '24']","['32', '34', '7', '15', '35', '40', '42', '26', '1', '41', '20', '44', '31', '5', '4']","['48', '3']","['27', '29']"
458,3 finished CPU → wait queue,cpu_to_io,3,CPU1,"['36', '25', '46', '49', '28', '8', '43', '45', '12', '6', '11', '38', '14', '50', '9', '39', '18', '10', '2', '17', '22', '16', '23', '21', '19', '47', '33', '30', '37', '24']","['32', '34', '7', '15', '35', '40', '42', '26', '1', '41', '20', '44', '31', '5', '4', '3']","['48', None]","['27', '29']"
458,36 dispatched to CPU1,dispatch_cpu,36,CPU1,"['25', '46', '49', '28', '8', '43', '45', '12', '6', '11', '38', '14', '50', '9', '39', '18', '10', '2', '17', '22', '16', '23', '21', '19', '47', '33', '30', '37', '24']","['32', '34', '7', '15', '35', '40', '42', '26', '1', '41', '20', '44', '31', '5', '4', '3']","['48', '36']","['27', '29']"
460,48 finished CPU → ready queue,cpu_to_ready,48,CPU0,"['25', '46', '49', '28', '8', '43', '45', '12', '6', '11', '38', '14', '50', '9', '39', '18', '10', '2', '17', '22', '16', '23', '21', '19', '47', '33', '30', '37', '24', '48']","['32', '34', '7', '15', '35', '40', '42', '26', '1', '41', '20', '44', '31', '5', '4', '3']","[None, '36']","['27', '29']"
460,25 dispatched to CPU0,dispatch_cpu,25,CPU0,"['46', '49', '28', '8', '43', '45', '12', '6', '11', '38', '14', '50', '9', '39', '18', '10', '2', '17', '22', '16', '23', '21', '19', '47', '33', '30', '37', '24', '48']","['32', '34', '7', '15', '35', '40', '42', '26', '1', '41', '20', '44', '31', '5', '4', '3']","['25', '36']","['27', '29']"
461,36 finished CPU → ready queue,cpu_to_ready,36,CPU1,"['46', '49', '28', '8', '43', '45', '12', '6', '11', '38', '14', '50', '9', '39', '18', '10', '2', '17', '22', '16', '23', '21', '19', '47', '33', '30', '37', '24', '48', '36']","['32', '34', '7', '15', '35', '40', '42', '26', '1', '41', '20', '44', '31', '5', '4', '3']","['25', None]","['27', '29']"
461,46 dispatched to CPU1,dispatch_cpu,46,CPU1,"['49', '28', '8', '43', '45', '12', '6', '11', '38', '14', '50', '9', '39', '18', '10', '2', '17', '22', '16', '23', '21', '19', '47', '33', '30', '37', '24', '48', '36']","['32', '34', '7', '15', '35', '40', '42', '26', '1', '41', '20', '44', '31', '5', '4', '3']","['25', '46']","['27', '29']"
462,27 finished I/O → ready queue,io_to_ready,27,IO0,"['49', '28', '8', '43', '45', '12', '6', '11', '38', '14', '50', '9', '39', '18', '10', '2', '17', '22', '16', '23', '21', '19', '47', '33', '30', '37', '24', '48', '36', '27']","['32', '34', '7', '15', '35', '40', '42', '26', '1', '41', '20', '44', '31', '5', '4', '3']","['25', '46']","[None, '29']"
462,32 dispatched to IO0,dispatch_io,32,IO0,"['49', '28', '8', '43', '45', '12', '6', '11', '38', '14', '50', '9', '39', '18', '10', '2', '17', '22', '16', '23', '21', '19', '47', '33', '30', '37', '24', '48', '36', '27']","['34', '7', '15', '35', '40', '42', '26', '1', '41', '20', '44', '31', '5', '4', '3']","['25', '46']","['32', '29']"
464,46 finished CPU → ready queue,cpu_to_ready,46,CPU1,"['49', '28', '8', '43', '45', '12', '6', '11', '38', '14', '50', '9', '39', '18', '10', '2', '17', '22', '16', '23', '21', '19', '47', '33', '30', '37', '24', '48', '36', '27', '46']","['34', '7', '15', '35', '40', '42', '26', '1', '41', '20', '44', '31', '5', '4', '3']","['25', None]","['32', '29']"
464,49 dispatched to CPU1,dispatch_cpu,49,CPU1,"['28', '8', '43', '45', '12', '6', '11', '38', '14', '50', '9', '39', '18', '10', '2', '17', '22', '16', '23', '21', '19', '47', '33', '30', '37', '24', '48', '36', '27', '46']","['34', '7', '15', '35', '40', '42', '26', '1', '41', '20', '44', '31', '5', '4', '3']","['25', '49']","['32', '29']"
465,25 finished CPU → ready queue,cpu_to_ready,25,CPU0,"['28', '8', '43', '45', '12', '6', '11', '38', '14', '50', '9', '39', '18', '10', '2', '17', '22', '16', '23', '21', '19', '47', '33', '30', '37', '24', '48', '36', '27', '46', '25']","['34', '7', '15', '35', '40', '42', '26', '1', '41', '20', '44', '31', '5', '4', '3']","[None, '49']","['32', '29']"
465,28 dispatched to CPU0,dispatch_cpu,28,CPU0,"['8', '43', '45', '12', '6', '11', '38', '14', '50', '9', '39', '18', '10', '2', '17', '22', '16', '23', '21', '19', '47', '33', '30', '37', '24', '48', '36', '27', '46', '25']","['34', '7', '15', '35', '40', '42', '26', '1', '41', '20', '44', '31', '5', '4', '3']","['28', '49']","['32', '29']"
469,49 finished CPU → wait queue,cpu_to_io,49,CPU1,"['8', '43', '45', '12', '6', '11', '38', '14', '50', '9', '39', '18', '10', '2', '17', '22', '16', '23', '21', '19', '47', '33', '30', '37', '24', '48', '36', '27', '46', '25']","['34', '7', '15', '35', '40', '42', '26', '1', '41', '20', '44', '31', '5', '4', '3', '49']","['28', None]","['32', '29']"
469,8 dispatched to CPU1,dispatch_cpu,8,CPU1,"['43', '45', '12', '6', '11', '38', '14', '50', '9', '39', '18', '10', '2', '17', '22', '16', '23', '21', '19', '47', '33', '30', '37', '24', '48', '36', '27', '46', '25']","['34', '7', '15', '35', '40', '42', '26', '1', '41', '20', '44', '31', '5', '4', '3', '49']","['28', '8']","['32', '29']"
471,28 finished CPU → wait queue,cpu_to_io,28,CPU0,"['43', '45', '12', '6', '11', '38', '14', '50', '9', '39', '18', '10', '2', '17', '22', '16', '23', '21', '19', '47', '33', '30', '37', '24', '48', '36', '27', '46', '25']","['34', '7', '15', '35', '40', '42', '26', '1', '41', '20', '44', '31', '5', '4', '3', '49', '28']","[None, '8']","['32', '29']"
471,43 dispatched to CPU0,dispatch_cpu,43,CPU0,"['45', '12', '6', '11', '38', '14', '50', '9', '39', '18', '10', '2', '17', '22', '16', '23', '21', '19', '47', '33', '30', '37', '24', '48', '36', '27', '46', '25']","['34', '7', '15', '35', '40', '42', '26', '1', '41', '20', '44', '31', '5', '4', '3', '49', '28']","['43', '8']","['32', '29']"
473,8 finished CPU → wait queue,cpu_to_io,8,CPU1,"['45', '12', '6', '11', '38', '14', '50', '9', '39', '18', '10', '2', '17', '22', '16', '23', '21', '19', '47', '33', '30', '37', '24', '48', '36', '27', '46', '25']","['34', '7', '15', '35', '40', '42', '26', '1', '41', '20', '44', '31', '5', '4', '3', '49', '28', '8']","['43', None]","['32', '29']"
473,45 dispatched to CPU1,dispatch_cpu,45,CPU1,"['12', '6', '11', '38', '14', '50', '9', '39', '18', '10', '2', '17', '22', '16', '23', '21', '19', '47', '33', '30', '37', '24', '48', '36', '27', '46', '25']","['34', '7', '15', '35', '40', '42', '26', '1', '41', '20', '44', '31', '5', '4', '3', '49', '28', '8']","['43', '45']","['32', '29']"
475,43 finished CPU → ready queue,cpu_to_ready,43,CPU0,"['12', '6', '11', '38', '14', '50', '9', '39', '18', '10', '2', '17', '22', '16', '23', '21', '19', '47', '33', '30', '37', '24', '48', '36', '27', '46', '25', '43']","['34', '7', '15', '35', '40', '42', '26', '1', '41', '20', '44', '31', '5', '4', '3', '49', '28', '8']","[None, '45']","['32', '29']"
475,12 dispatched to CPU0,dispatch_cpu,12,CPU0,"['6', '11', '38', '14', '50', '9', '39', '18', '10', '2', '17', '22', '16', '23', '21', '19', '47', '33', '30', '37', '24', '48', '36', '27', '46', '25', '43']","['34', '7', '15', '35', '40', '42', '26', '1', '41', '20', '44', '31', '5', '4', '3', '49', '28', '8']","['12', '45']","['32', '29']"
476,29 finished I/O → ready queue,io_to_ready,29,IO1,"['6', '11', '38', '14', '50', '9', '39', '18', '10', '2', '17', '22', '16', '23', '21', '19', '47', '33', '30', '37', '24', '48', '36', '27', '46', '25', '43', '29']","['34', '7', '15', '35', '40', '42', '26', '1', '41', '20', '44', '31', '5', '4', '3', '49', '28', '8']","['12', '45']","['32', None]"
476,34 dispatched to IO1,dispatch_io,34,IO1,"['6', '11', '38', '14', '50', '9', '39', '18', '10', '2', '17', '22', '16', '23', '21', '19', '47', '33', '30', '37', '24', '48', '36', '27', '46', '25', '43', '29']","['7', '15', '35', '40', '42', '26', '1', '41', '20', '44', '31', '5', '4', '3', '49', '28', '8']","['12', '45']","['32', '34']"
482,12 finished CPU → ready queue,cpu_to_ready,12,CPU0,"['6', '11', '38', '14', '50', '9', '39', '18', '10', '2', '17', '22', '16', '23', '21', '19', '47', '33', '30', '37', '24', '48', '36', '27', '46', '25', '43', '29', '12']","['7', '15', '35', '40', '42', '26', '1', '41', '20', '44', '31', '5', '4', '3', '49', '28', '8']","[None, '45']","['32', '34']"
482,32 finished I/O → ready queue,io_to_ready,32,IO0,"['6', '11', '38', '14', '50', '9', '39', '18', '10', '2', '17', '22', '16', '23', '21', '19', '47', '33', '30', '37', '24', '48', '36', '27', '46', '25', '43', '29', '12', '32']","['7', '15', '35', '40', '42', '26', '1', '41', '20', '44', '31', '5', '4', '3', '49', '28', '8']","[None, '45']","[None, '34']"
482,6 dispatched to CPU0,dispatch_cpu,6,CPU0,"['11', '38', '14', '50', '9', '39', '18', '10', '2', '17', '22', '16', '23', '21', '19', '47', '33', '30', '37', '24', '48', '36', '27', '46', '25', '43', '29', '12', '32']","['7', '15', '35', '40', '42', '26', '1', '41', '20', '44', '31', '5', '4', '3', '49', '28', '8']","['6', '45']","[None, '34']"
482,7 dispatched to IO0,dispatch_io,7,IO0,"['11', '38', '14', '50', '9', '39', '18', '10', '2', '17', '22', '16', '23', '21', '19', '47', '33', '30', '37', '24', '48', '36', '27', '46', '25', '43', '29', '12', '32']","['15', '35', '40', '42', '26', '1', '41', '20', '44', '31', '5', '4', '3', '49', '28', '8']","['6', '45']","['7', '34']"
487,6 finished CPU → wait queue,cpu_to_io,6,CPU0,"['11', '38', '14', '50', '9', '39', '18', '10', '2', '17', '22', '16', '23', '21', '19', '47', '33', '30', '37', '24', '48', '36', '27', '46', '25', '43', '29', '12', '32']","['15', '35', '40', '42', '26', '1', '41', '20', '44', '31', '5', '4', '3', '49', '28', '8', '6']","[None, '45']","['7', '34']"
487,45 finished CPU → wait queue,cpu_to_io,45,CPU1,"['11', '38', '14', '50', '9', '39', '18', '10', '2', '17', '22', '16', '23', '21', '19', '47', '33', '30', '37', '24', '48', '36', '27', '46', '25', '43', '29', '12', '32']","['15', '35', '40', '42', '26', '1', '41', '20', '44', '31', '5', '4', '3', '49', '28', '8', '6', '45']","[None, None]","['7', '34']"
487,11 dispatched to CPU0,dispatch_cpu,11,CPU0,"['38', '14', '50', '9', '39', '18', '10', '2', '17', '22', '16', '23', '21', '19', '47', '33', '30', '37', '24', '48', '36', '27', '46', '25', '43', '29', '12', '32']","['15', '35', '40', '42', '26', '1', '41', '20', '44', '31', '5', '4', '3', '49', '28', '8', '6', '45']","['11', None]","['7', '34']"
487,38 dispatched to CPU1,dispatch_cpu,38,CPU1,"['14', '50', '9', '39', '18', '10', '2', '17', '22', '16', '23', '21', '19', '47', '33', '30', '37', '24', '48', '36', '27', '46', '25', '43', '29', '12', '32']","['15', '35', '40', '42', '26', '1', '41', '20', '44', '31', '5', '4', '3', '49', '28', '8', '6', '45']","['11', '38']","['7', '34']"
489,11 finished CPU → ready queue,cpu_to_ready,11,CPU0,"['14', '50', '9', '39', '18', '10', '2', '17', '22', '16', '23', '21', '19', '47', '33', '30', '37', '24', '48', '36', '27', '46', '25', '43', '29', '12', '32', '11']","['15', '35', '40', '42', '26', '1', '41', '20', '44', '31', '5', '4', '3', '49', '28', '8', '6', '45']","[None, '38']","['7', '34']"
489,14 dispatched to CPU0,dispatch_cpu,14,CPU0,"['50', '9', '39', '18', '10', '2', '17', '22', '16', '23', '21', '19', '47', '33', '30', '37', '24', '48', '36', '27', '46', '25', '43', '29', '12', '32', '11']","['15', '35', '40', '42', '26', '1', '41', '20', '44', '31', '5', '4', '3', '49', '28', '8', '6', '45']","['14', '38']","['7', '34']"
491,14 finished CPU → wait queue,cpu_to_io,14,CPU0,"['50', '9', '39', '18', '10', '2', '17', '22', '16', '23', '21', '19', '47', '33', '30', '37', '24', '48', '36', '27', '46', '25', '43', '29', '12', '32', '11']","['15', '35', '40', '42', '26', '1', '41', '20', '44', '31', '5', '4', '3', '49', '28', '8', '6', '45', '14']","[None, '38']","['7', '34']"
491,50 dispatched to CPU0,dispatch_cpu,50,CPU0,"['9', '39', '18', '10', '2', '17', '22', '16', '23', '21', '19', '47', '33', '30', '37', '24', '48', '36', '27', '46', '25', '43', '29', '12', '32', '11']","['15', '35', '40', '42', '26', '1', '41', '20', '44', '31', '5', '4', '3', '49', '28', '8', '6', '45', '14']","['50', '38']","['7', '34']"
494,38 finished CPU → ready queue,cpu_to_ready,38,CPU1,"['9', '39', '18', '10', '2', '17', '22', '16', '23', '21', '19', '47', '33', '30', '37', '24', '48', '36', '27', '46', '25', '43', '29', '12', '32', '11', '38']","['15', '35', '40', '42', '26', '1', '41', '20', '44', '31', '5', '4', '3', '49', '28', '8', '6', '45', '14']","['50', None]","['7', '34']"
494,9 dispatched to CPU1,dispatch_cpu,9,CPU1,"['39', '18', '10', '2', '17', '22', '16', '23', '21', '19', '47', '33', '30', '37', '24', '48', '36', '27', '46', '25', '43', '29', '12', '32', '11', '38']","['15', '35', '40', '42', '26', '1', '41', '20', '44', '31', '5', '4', '3', '49', '28', '8', '6', '45', '14']","['50', '9']","['7', '34']"
495,50 finished CPU → wait queue,cpu_to_io,50,CPU0,"['39', '18', '10', '2', '17', '22', '16', '23', '21', '19', '47', '33', '30', '37', '24', '48', '36', '27', '46', '25', '43', '29', '12', '32', '11', '38']","['15', '35', '40', '42', '26', '1', '41', '20', '44', '31', '5', '4', '3', '49', '28', '8', '6', '45', '14', '50']","[None, '9']","['7', '34']"
495,39 dispatched to CPU0,dispatch_cpu,39,CPU0,"['18', '10', '2', '17', '22', '16', '23', '21', '19', '47', '33', '30', '37', '24', '48', '36', '27', '46', '25', '43', '29', '12', '32', '11', '38']","['15', '35', '40', '42', '26', '1', '41', '20', '44', '31', '5', '4', '3', '49', '28', '8', '6', '45', '14', '50']","['39', '9']","['7', '34']"
497,39 finished CPU → ready queue,cpu_to_ready,39,CPU0,"['18', '10', '2', '17', '22', '16', '23', '21', '19', '47', '33', '30', '37', '24', '48', '36', '27', '46', '25', '43', '29', '12', '32', '11', '38', '39']","['15', '35', '40', '42', '26', '1', '41', '20', '44', '31', '5', '4', '3', '49', '28', '8', '6', '45', '14', '50']","[None, '9']","['7', '34']"
497,18 dispatched to CPU0,dispatch_cpu,18,CPU0,"['10', '2', '17', '22', '16', '23', '21', '19', '47', '33', '30', '37', '24', '48', '36', '27', '46', '25', '43', '29', '12', '32', '11', '38', '39']","['15', '35', '40', '42', '26', '1', '41', '20', '44', '31', '5', '4', '3', '49', '28', '8', '6', '45', '14', '50']","['18', '9']","['7', '34']"
498,18 finished all bursts,finished,18,CPU0,"['10', '2', '17', '22', '16', '23', '21', '19', '47', '33', '30', '37', '24', '48', '36', '27', '46', '25', '43', '29', '12', '32', '11', '38', '39']","['15', '35', '40', '42', '26', '1', '41', '20', '44', '31', '5', '4', '3', '49', '28', '8', '6', '45', '14', '50']","[None, '9']","['7', '34']"
498,9 finished CPU → wait queue,cpu_to_io,9,CPU1,"['10', '2', '17', '22', '16', '23', '21', '19', '47', '33', '30', '37', '24', '48', '36', '27', '46', '25', '43', '29', '12', '32', '11', '38', '39']","['15', '35', '40', '42', '26', '1', '41', '20', '44', '31', '5', '4', '3', '49', '28', '8', '6', '45', '14', '50', '9']","[None, None]","['7', '34']"
498,7 finished I/O → ready queue,io_to_ready,7,IO0,"['10', '2', '17', '22', '16', '23', '21', '19', '47', '33', '30', '37', '24', '48', '36', '27', '46', '25', '43', '29', '12', '32', '11', '38', '39', '7']","['15', '35', '40', '42', '26', '1', '41', '20', '44', '31', '5', '4', '3', '49', '28', '8', '6', '45', '14', '50', '9']","[None, None]","[None, '34']"
498,10 dispatched to CPU0,dispatch_cpu,10,CPU0,"['2', '17', '22', '16', '23', '21', '19', '47', '33', '30', '37', '24', '48', '36', '27', '46', '25', '43', '29', '12', '32', '11', '38', '39', '7']","['15', '35', '40', '42', '26', '1', '41', '20', '44', '31', '5', '4', '3', '49', '28', '8', '6', '45', '14', '50', '9']","['10', None]","[None, '34']"
498,2 dispatched to CPU1,dispatch_cpu,2,CPU1,"['17', '22', '16', '23', '21', '19', '47', '33', '30', '37', '24', '48', '36', '27', '46', '25', '43', '29', '12', '32', '11', '38', '39', '7']","['15', '35', '40', '42', '26', '1', '41', '20', '44', '31', '5', '4', '3', '49', '28', '8', '6', '45', '14', '50', '9']","['10', '2']","[None, '34']"
498,15 dispatched to IO0,dispatch_io,15,IO0,"['17', '22', '16', '23', '21', '19', '47', '33', '30', '37', '24', '48', '36', '27', '46', '25', '43', '29', '12', '32', '11', '38', '39', '7']","['35', '40', '42', '26', '1', '41', '20', '44', '31', '5', '4', '3', '49', '28', '8', '6', '45', '14', '50', '9']","['10', '2']","['15', '34']"
500,34 finished I/O → ready queue,io_to_ready,34,IO1,"['17', '22', '16', '23', '21', '19', '47', '33', '30', '37', '24', '48', '36', '27', '46', '25', '43', '29', '12', '32', '11', '38', '39', '7', '34']","['35', '40', '42', '26', '1', '41', '20', '44', '31', '5', '4', '3', '49', '28', '8', '6', '45', '14', '50', '9']","['10', '2']","['15', None]"
500,35 dispatched to IO1,dispatch_io,35,IO1,"['17', '22', '16', '23', '21', '19', '47', '33', '30', '37', '24', '48', '36', '27', '46', '25', '43', '29', '12', '32', '11', '38', '39', '7', '34']","['40', '42', '26', '1', '41', '20', '44', '31', '5', '4', '3', '49', '28', '8', '6', '45', '14', '50', '9']","['10', '2']","['15', '35']"
507,10 finished CPU → wait queue,cpu_to_io,10,CPU0,"['17', '22', '16', '23', '21', '19', '47', '33', '30', '37', '24', '48', '36', '27', '46', '25', '43', '29', '12', '32', '11', '38', '39', '7', '34']","['40', '42', '26', '1', '41', '20', '44', '31', '5', '4', '3', '49', '28', '8', '6', '45', '14', '50', '9', '10']","[None, '2']","['15', '35']"
507,2 finished CPU → ready queue,cpu_to_ready,2,CPU1,"['17', '22', '16', '23', '21', '19', '47', '33', '30', '37', '24', '48', '36', '27', '46', '25', '43', '29', '12', '32', '11', '38', '39', '7', '34', '2']","['40', '42', '26', '1', '41', '20', '44', '31', '5', '4', '3', '49', '28', '8', '6', '45', '14', '50', '9', '10']","[None, None]","['15', '35']"
507,17 dispatched to CPU0,dispatch_cpu,17,CPU0,"['22', '16', '23', '21', '19', '47', '33', '30', '37', '24', '48', '36', '27', '46', '25', '43', '29', '12', '32', '11', '38', '39', '7', '34', '2']","['40', '42', '26', '1', '41', '20', '44', '31', '5', '4', '3', '49', '28', '8', '6', '45', '14', '50', '9', '10']","['17', None]","['15', '35']"
507,22 dispatched to CPU1,dispatch_cpu,22,CPU1,"['16', '23', '21', '19', '47', '33', '30', '37', '24', '48', '36', '27', '46', '25', '43', '29', '12', '32', '11', '38', '39', '7', '34', '2']","['40', '42', '26', '1', '41', '20', '44', '31', '5', '4', '3', '49', '28', '8', '6', '45', '14', '50', '9', '10']","['17', '22']","['15', '35']"
511,35 finished I/O → ready queue,io_to_ready,35,IO1,"['16', '23', '21', '19', '47', '33', '30', '37', '24', '48', '36', '27', '46', '25', '43', '29', '12', '32', '11', '38', '39', '7', '34', '2', '35']","['40', '42', '26', '1', '41', '20', '44', '31', '5', '4', '3', '49', '28', '8', '6', '45', '14', '50', '9', '10']","['17', '22']","['15', None]"
511,40 dispatched to IO1,dispatch_io,40,IO1,"['16', '23', '21', '19', '47', '33', '30', '37', '24', '48', '36', '27', '46', '25', '43', '29', '12', '32', '11', '38', '39', '7', '34', '2', '35']","['42', '26', '1', '41', '20', '44', '31', '5', '4', '3', '49', '28', '8', '6', '45', '14', '50', '9', '10']","['17', '22']","['15', '40']"
513,17 finished CPU → wait queue,cpu_to_io,17,CPU0,"['16', '23', '21', '19', '47', '33', '30', '37', '24', '48', '36', '27', '46', '25', '43', '29', '12', '32', '11', '38', '39', '7', '34', '2', '35']","['42', '26', '1', '41', '20', '44', '31', '5', '4', '3', '49', '28', '8', '6', '45', '14', '50', '9', '10', '17']","[None, '22']","['15', '40']"
513,16 dispatched to CPU0,dispatch_cpu,16,CPU0,"['23', '21', '19', '47', '33', '30', '37', '24', '48', '36', '27', '46', '25', '43', '29', '12', '32', '11', '38', '39', '7', '34', '2', '35']","['42', '26', '1', '41', '20', '44', '31', '5', '4', '3', '49', '28', '8', '6', '45', '14', '50', '9', '10', '17']","['16', '22']","['15', '40']"
515,22 finished CPU → ready queue,cpu_to_ready,22,CPU1,"['23', '21', '19', '47', '33', '30', '37', '24', '48', '36', '27', '46', '25', '43', '29', '12', '32', '11', '38', '39', '7', '34', '2', '35', '22']","['42', '26', '1', '41', '20', '44', '31', '5', '4', '3', '49', '28', '8', '6', '45', '14', '50', '9', '10', '17']","['16', None]","['15', '40']"
515,23 dispatched to CPU1,dispatch_cpu,23,CPU1,"['21', '19', '47', '33', '30', '37', '24', '48', '36', '27', '46', '25', '43', '29', '12', '32', '11', '38', '39', '7', '34', '2', '35', '22']","['42', '26', '1', '41', '20', '44', '31', '5', '4', '3', '49', '28', '8', '6', '45', '14', '50', '9', '10', '17']","['16', '23']","['15', '40']"
519,23 finished CPU → ready queue,cpu_to_ready,23,CPU1,"['21', '19', '47', '33', '30', '37', '24', '48', '36', '27', '46', '25', '43', '29', '12', '32', '11', '38', '39', '7', '34', '2', '35', '22', '23']","['42', '26', '1', '41', '20', '44', '31', '5', '4', '3', '49', '28', '8', '6', '45', '14', '50', '9', '10', '17']","['16', None]","['15', '40']"
519,21 dispatched to CPU1,dispatch_cpu,21,CPU1,"['19', '47', '33', '30', '37', '24', '48', '36', '27', '46', '25', '43', '29', '12', '32', '11', '38', '39', '7', '34', '2', '35', '22', '23']","['42', '26', '1', '41', '20', '44', '31', '5', '4', '3', '49', '28', '8', '6', '45', '14', '50', '9', '10', '17']","['16', '21']","['15', '40']"
523,21 finished CPU → wait queue,cpu_to_io,21,CPU1,"['19', '47', '33', '30', '37', '24', '48', '36', '27', '46', '25', '43', '29', '12', '32', '11', '38', '39', '7', '34', '2', '35', '22', '23']","['42', '26', '1', '41', '20', '44', '31', '5', '4', '3', '49', '28', '8', '6', '45', '14', '50', '9', '10', '17', '21']","['16', None]","['15', '40']"
523,15 finished I/O → ready queue,io_to_ready,15,IO0,"['19', '47', '33', '30', '37', '24', '48', '36', '27', '46', '25', '43', '29', '12', '32', '11', '38', '39', '7', '34', '2', '35', '22', '23', '15']","['42', '26', '1', '41', '20', '44', '31', '5', '4', '3', '49', '28', '8', '6', '45', '14', '50', '9', '10', '17', '21']","['16', None]","[None, '40']"
523,19 dispatched to CPU1,dispatch_cpu,19,CPU1,"['47', '33', '30', '37', '24', '48', '36', '27', '46', '25', '43', '29', '12', '32', '11', '38', '39', '7', '34', '2', '35', '22', '23', '15']","['42', '26', '1', '41', '20', '44', '31', '5', '4', '3', '49', '28', '8', '6', '45', '14', '50', '9', '10', '17', '21']","['16', '19']","[None, '40']"
523,42 dispatched to IO0,dispatch_io,42,IO0,"['47', '33', '30', '37', '24', '48', '36', '27', '46', '25', '43', '29', '12', '32', '11', '38', '39', '7', '34', '2', '35', '22', '23', '15']","['26', '1', '41', '20', '44', '31', '5', '4', '3', '49', '28', '8', '6', '45', '14', '50', '9', '10', '17', '21']","['16', '19']","['42', '40']"
530,16 finished CPU → ready queue,cpu_to_ready,16,CPU0,"['47', '33', '30', '37', '24', '48', '36', '27', '46', '25', '43', '29', '12', '32', '11', '38', '39', '7', '34', '2', '35', '22', '23', '15', '16']","['26', '1', '41', '20', '44', '31', '5', '4', '3', '49', '28', '8', '6', '45', '14', '50', '9', '10', '17', '21']","[None, '19']","['42', '40']"
530,47 dispatched to CPU0,dispatch_cpu,47,CPU0,"['33', '30', '37', '24', '48', '36', '27', '46', '25', '43', '29', '12', '32', '11', '38', '39', '7', '34', '2', '35', '22', '23', '15', '16']","['26', '1', '41', '20', '44', '31', '5', '4', '3', '49', '28', '8', '6', '45', '14', '50', '9', '10', '17', '21']","['47', '19']","['42', '40']"
534,19 finished CPU → ready queue,cpu_to_ready,19,CPU1,"['33', '30', '37', '24', '48', '36', '27', '46', '25', '43', '29', '12', '32', '11', '38', '39', '7', '34', '2', '35', '22', '23', '15', '16', '19']","['26', '1', '41', '20', '44', '31', '5', '4', '3', '49', '28', '8', '6', '45', '14', '50', '9', '10', '17', '21']","['47', None]","['42', '40']"
534,33 dispatched to CPU1,dispatch_cpu,33,CPU1,"['30', '37', '24', '48', '36', '27', '46', '25', '43', '29', '12', '32', '11', '38', '39', '7', '34', '2', '35', '22', '23', '15', '16', '19']","['26', '1', '41', '20', '44', '31', '5', '4', '3', '49', '28', '8', '6', '45', '14', '50', '9', '10', '17', '21']","['47', '33']","['42', '40']"
535,47 finished CPU → wait queue,cpu_to_io,47,CPU0,"['30', '37', '24', '48', '36', '27', '46', '25', '43', '29', '12', '32', '11', '38', '39', '7', '34', '2', '35', '22', '23', '15', '16', '19']","['26', '1', '41', '20', '44', '31', '5', '4', '3', '49', '28', '8', '6', '45', '14', '50', '9', '10', '17', '21', '47']","[None, '33']","['42', '40']"
535,30 dispatched to CPU0,dispatch_cpu,30,CPU0,"['37', '24', '48', '36', '27', '46', '25', '43', '29', '12', '32', '11', '38', '39', '7', '34', '2', '35', '22', '23', '15', '16', '19']","['26', '1', '41', '20', '44', '31', '5', '4', '3', '49', '28', '8', '6', '45', '14', '50', '9', '10', '17', '21', '47']","['30', '33']","['42', '40']"
536,40 finished I/O → ready queue,io_to_ready,40,IO1,"['37', '24', '48', '36', '27', '46', '25', '43', '29', '12', '32', '11', '38', '39', '7', '34', '2', '35', '22', '23', '15', '16', '19', '40']","['26', '1', '41', '20', '44', '31', '5', '4', '3', '49', '28', '8', '6', '45', '14', '50', '9', '10', '17', '21', '47']","['30', '33']","['42', None]"
536,26 dispatched to IO1,dispatch_io,26,IO1,"['37', '24', '48', '36', '27', '46', '25', '43', '29', '12', '32', '11', '38', '39', '7', '34', '2', '35', '22', '23', '15', '16', '19', '40']","['1', '41', '20', '44', '31', '5', '4', '3', '49', '28', '8', '6', '45', '14', '50', '9', '10', '17', '21', '47']","['30', '33']","['42', '26']"
541,30 finished CPU → ready queue,cpu_to_ready,30,CPU0,"['37', '24', '48', '36', '27', '46', '25', '43', '29', '12', '32', '11', '38', '39', '7', '34', '2', '35', '22', '23', '15', '16', '19', '40', '30']","['1', '41', '20', '44', '31', '5', '4', '3', '49', '28', '8', '6', '45', '14', '50', '9', '10', '17', '21', '47']","[None, '33']","['42', '26']"
541,42 finished I/O → ready queue,io_to_ready,42,IO0,"['37', '24', '48', '36', '27', '46', '25', '43', '29', '12', '32', '11', '38', '39', '7', '34', '2', '35', '22', '23', '15', '16', '19', '40', '30', '42']","['1', '41', '20', '44', '31', '5', '4', '3', '49', '28', '8', '6', '45', '14', '50', '9', '10', '17', '21', '47']","[None, '33']","[None, '26']"
541,37 dispatched to CPU0,dispatch_cpu,37,CPU0,"['24', '48', '36', '27', '46', '25', '43', '29', '12', '32', '11', '38', '39', '7', '34', '2', '35', '22', '23', '15', '16', '19', '40', '30', '42']","['1', '41', '20', '44', '31', '5', '4', '3', '49', '28', '8', '6', '45', '14', '50', '9', '10', '17', '21', '47']","['37', '33']","[None, '26']"
541,1 dispatched to IO0,dispatch_io,1,IO0,"['24', '48', '36', '27', '46', '25', '43', '29', '12', '32', '11', '38', '39', '7', '34', '2', '35', '22', '23', '15', '16', '19', '40', '30', '42']","['41', '20', '44', '31', '5', '4', '3', '49', '28', '8', '6', '45', '14', '50', '9', '10', '17', '21', '47']","['37', '33']","['1', '26']"
542,33 finished CPU → ready queue,cpu_to_ready,33,CPU1,"['24', '48', '36', '27', '46', '25', '43', '29', '12', '32', '11', '38', '39', '7', '34', '2', '35', '22', '23', '15', '16', '19', '40', '30', '42', '33']","['41', '20', '44', '31', '5', '4', '3', '49', '28', '8', '6', '45', '14', '50', '9', '10', '17', '21', '47']","['37', None]","['1', '26']"
542,24 dispatched to CPU1,dispatch_cpu,24,CPU1,"['48', '36', '27', '46', '25', '43', '29', '12', '32', '11', '38', '39', '7', '34', '2', '35', '22', '23', '15', '16', '19', '40', '30', '42', '33']","['41', '20', '44', '31', '5', '4', '3', '49', '28', '8', '6', '45', '14', '50', '9', '10', '17', '21', '47']","['37', '24']","['1', '26']"
545,24 finished CPU → wait queue,cpu_to_io,24,CPU1,"['48', '36', '27', '46', '25', '43', '29', '12', '32', '11', '38', '39', '7', '34', '2', '35', '22', '23', '15', '16', '19', '40', '30', '42', '33']","['41', '20', '44', '31', '5', '4', '3', '49', '28', '8', '6', '45', '14', '50', '9', '10', '17', '21', '47', '24']","['37', None]","['1', '26']"
545,48 dispatched to CPU1,dispatch_cpu,48,CPU1,"['36', '27', '46', '25', '43', '29', '12', '32', '11', '38', '39', '7', '34', '2', '35', '22', '23', '15', '16', '19', '40', '30', '42', '33']","['41', '20', '44', '31', '5', '4', '3', '49', '28', '8', '6', '45', '14', '50', '9', '10', '17', '21', '47', '24']","['37', '48']","['1', '26']"
547,48 finished CPU → ready queue,cpu_to_ready,48,CPU1,"['36', '27', '46', '25', '43', '29', '12', '32', '11', '38', '39', '7', '34', '2', '35', '22', '23', '15', '16', '19', '40', '30', '42', '33', '48']","['41', '20', '44', '31', '5', '4', '3', '49', '28', '8', '6', '45', '14', '50', '9', '10', '17', '21', '47', '24']","['37', None]","['1', '26']"
547,36 dispatched to CPU1,dispatch_cpu,36,CPU1,"['27', '46', '25', '43', '29', '12', '32', '11', '38', '39', '7', '34', '2', '35', '22', '23', '15', '16', '19', '40', '30', '42', '33', '48']","['41', '20', '44', '31', '5', '4', '3', '49', '28', '8', '6', '45', '14', '50', '9', '10', '17', '21', '47', '24']","['37', '36']","['1', '26']"
549,26 finished I/O → ready queue,io_to_ready,26,IO1,"['27', '46', '25', '43', '29', '12', '32', '11', '38', '39', '7', '34', '2', '35', '22', '23', '15', '16', '19', '40', '30', '42', '33', '48', '26']","['41', '20', '44', '31', '5', '4', '3', '49', '28', '8', '6', '45', '14', '50', '9', '10', '17', '21', '47', '24']","['37', '36']","['1', None]"
549,41 dispatched to IO1,dispatch_io,41,IO1,"['27', '46', '25', '43', '29', '12', '32', '11', '38', '39', '7', '34', '2', '35', '22', '23', '15', '16', '19', '40', '30', '42', '33', '48', '26']","['20', '44', '31', '5', '4', '3', '49', '28', '8', '6', '45', '14', '50', '9', '10', '17', '21', '47', '24']","['37', '36']","['1', '41']"
550,37 finished CPU → wait queue,cpu_to_io,37,CPU0,"['27', '46', '25', '43', '29', '12', '32', '11', '38', '39', '7', '34', '2', '35', '22', '23', '15', '16', '19', '40', '30', '42', '33', '48', '26']","['20', '44', '31', '5', '4', '3', '49', '28', '8', '6', '45', '14', '50', '9', '10', '17', '21', '47', '24', '37']","[None, '36']","['1', '41']"
550,27 dispatched to CPU0,dispatch_cpu,27,CPU0,"['46', '25', '43', '29', '12', '32', '11', '38', '39', '7', '34', '2', '35', '22', '23', '15', '16', '19', '40', '30', '42', '33', '48', '26']","['20', '44', '31', '5', '4', '3', '49', '28', '8', '6', '45', '14', '50', '9', '10', '17', '21', '47', '24', '37']","['27', '36']","['1', '41']"
556,36 finished CPU → ready queue,cpu_to_ready,36,CPU1,"['46', '25', '43', '29', '12', '32', '11', '38', '39', '7', '34', '2', '35', '22', '23', '15', '16', '19', '40', '30', '42', '33', '48', '26', '36']","['20', '44', '31', '5', '4', '3', '49', '28', '8', '6', '45', '14', '50', '9', '10', '17', '21', '47', '24', '37']","['27', None]","['1', '41']"
556,46 dispatched to CPU1,dispatch_cpu,46,CPU1,"['25', '43', '29', '12', '32', '11', '38', '39', '7', '34', '2', '35', '22', '23', '15', '16', '19', '40', '30', '42', '33', '48', '26', '36']","['20', '44', '31', '5', '4', '3', '49', '28', '8', '6', '45', '14', '50', '9', '10', '17', '21', '47', '24', '37']","['27', '46']","['1', '41']"
562,1 finished I/O → ready queue,io_to_ready,1,IO0,"['25', '43', '29', '12', '32', '11', '38', '39', '7', '34', '2', '35', '22', '23', '15', '16', '19', '40', '30', '42', '33', '48', '26', '36', '1']","['20', '44', '31', '5', '4', '3', '49', '28', '8', '6', '45', '14', '50', '9', '10', '17', '21', '47', '24', '37']","['27', '46']","[None, '41']"
562,20 dispatched to IO0,dispatch_io,20,IO0,"['25', '43', '29', '12', '32', '11', '38', '39', '7', '34', '2', '35', '22', '23', '15', '16', '19', '40', '30', '42', '33', '48', '26', '36', '1']","['44', '31', '5', '4', '3', '49', '28', '8', '6', '45', '14', '50', '9', '10', '17', '21', '47', '24', '37']","['27', '46']","['20', '41']"
563,27 finished CPU → ready queue,cpu_to_ready,27,CPU0,"['25', '43', '29', '12', '32', '11', '38', '39', '7', '34', '2', '35', '22', '23', '15', '16', '19', '40', '30', '42', '33', '48', '26', '36', '1', '27']","['44', '31', '5', '4', '3', '49', '28', '8', '6', '45', '14', '50', '9', '10', '17', '21', '47', '24', '37']","[None, '46']","['20', '41']"
563,25 dispatched to CPU0,dispatch_cpu,25,CPU0,"['43', '29', '12', '32', '11', '38', '39', '7', '34', '2', '35', '22', '23', '15', '16', '19', '40', '30', '42', '33', '48', '26', '36', '1', '27']","['44', '31', '5', '4', '3', '49', '28', '8', '6', '45', '14', '50', '9', '10', '17', '21', '47', '24', '37']","['25', '46']","['20', '41']"
564,46 finished CPU → ready queue,cpu_to_ready,46,CPU1,"['43', '29', '12', '32', '11', '38', '39', '7', '34', '2', '35', '22', '23', '15', '16', '19', '40', '30', '42', '33', '48', '26', '36', '1', '27', '46']","['44', '31', '5', '4', '3', '49', '28', '8', '6', '45', '14', '50', '9', '10', '17', '21', '47', '24', '37']","['25', None]","['20', '41']"
564,43 dispatched to CPU1,dispatch_cpu,43,CPU1,"['29', '12', '32', '11', '38', '39', '7', '34', '2', '35', '22', '23', '15', '16', '19', '40', '30', '42', '33', '48', '26', '36', '1', '27', '46']","['44', '31', '5', '4', '3', '49', '28', '8', '6', '45', '14', '50', '9', '10', '17', '21', '47', '24', '37']","['25', '43']","['20', '41']"
566,41 finished I/O → ready queue,io_to_ready,41,IO1,"['29', '12', '32', '11', '38', '39', '7', '34', '2', '35', '22', '23', '15', '16', '19', '40', '30', '42', '33', '48', '26', '36', '1', '27', '46', '41']","['44', '31', '5', '4', '3', '49', '28', '8', '6', '45', '14', '50', '9', '10', '17', '21', '47', '24', '37']","['25', '43']","['20', None]"
566,44 dispatched to IO1,dispatch_io,44,IO1,"['29', '12', '32', '11', '38', '39', '7', '34', '2', '35', '22', '23', '15', '16', '19', '40', '30', '42', '33', '48', '26', '36', '1', '27', '46', '41']","['31', '5', '4', '3', '49', '28', '8', '6', '45', '14', '50', '9', '10', '17', '21', '47', '24', '37']","['25', '43']","['20', '44']"
567,43 finished CPU → wait queue,cpu_to_io,43,CPU1,"['29', '12', '32', '11', '38', '39', '7', '34', '2', '35', '22', '23', '15', '16', '19', '40', '30', '42', '33', '48', '26', '36', '1', '27', '46', '41']","['31', '5', '4', '3', '49', '28', '8', '6', '45', '14', '50', '9', '10', '17', '21', '47', '24', '37', '43']","['25', None]","['20', '44']"
567,29 dispatched to CPU1,dispatch_cpu,29,CPU1,"['12', '32', '11', '38', '39', '7', '34', '2', '35', '22', '23', '15', '16', '19', '40', '30', '42', '33', '48', '26', '36', '1', '27', '46', '41']","['31', '5', '4', '3', '49', '28', '8', '6', '45', '14', '50', '9', '10', '17', '21', '47', '24', '37', '43']","['25', '29']","['20', '44']"
573,25 finished CPU → ready queue,cpu_to_ready,25,CPU0,"['12', '32', '11', '38', '39', '7', '34', '2', '35', '22', '23', '15', '16', '19', '40', '30', '42', '33', '48', '26', '36', '1', '27', '46', '41', '25']","['31', '5', '4', '3', '49', '28', '8', '6', '45', '14', '50', '9', '10', '17', '21', '47', '24', '37', '43']","[None, '29']","['20', '44']"
573,29 finished CPU → wait queue,cpu_to_io,29,CPU1,"['12', '32', '11', '38', '39', '7', '34', '2', '35', '22', '23', '15', '16', '19', '40', '30', '42', '33', '48', '26', '36', '1', '27', '46', '41', '25']","['31', '5', '4', '3', '49', '28', '8', '6', '45', '14', '50', '9', '10', '17', '21', '47', '24', '37', '43', '29']","[None, None]","['20', '44']"
573,12 dispatched to CPU0,dispatch_cpu,12,CPU0,"['32', '11', '38', '39', '7', '34', '2', '35', '22', '23', '15', '16', '19', '40', '30', '42', '33', '48', '26', '36', '1', '27', '46', '41', '25']","['31', '5', '4', '3', '49', '28', '8', '6', '45', '14', '50', '9', '10', '17', '21', '47', '24', '37', '43', '29']","['12', None]","['20', '44']"
573,32 dispatched to CPU1,dispatch_cpu,32,CPU1,"['11', '38', '39', '7', '34', '2', '35', '22', '23', '15', '16', '19', '40', '30', '42', '33', '48', '26', '36', '1', '27', '46', '41', '25']","['31', '5', '4', '3', '49', '28', '8', '6', '45', '14', '50', '9', '10', '17', '21', '47', '24', '37', '43', '29']","['12', '32']","['20', '44']"
578,44 finished I/O → ready queue,io_to_ready,44,IO1,"['11', '38', '39', '7', '34', '2', '35', '22', '23', '15', '16', '19', '40', '30', '42', '33', '48', '26', '36', '1', '27', '46', '41', '25', '44']","['31', '5', '4', '3', '49', '28', '8', '6', '45', '14', '50', '9', '10', '17', '21', '47', '24', '37', '43', '29']","['12', '32']","['20', None]"
578,31 dispatched to IO1,dispatch_io,31,IO1,"['11', '38', '39', '7', '34', '2', '35', '22', '23', '15', '16', '19', '40', '30', '42', '33', '48', '26', '36', '1', '27', '46', '41', '25', '44']","['5', '4', '3', '49', '28', '8', '6', '45', '14', '50', '9', '10', '17', '21', '47', '24', '37', '43', '29']","['12', '32']","['20', '31']"
579,20 finished I/O → ready queue,io_to_ready,20,IO0,"['11', '38', '39', '7', '34', '2', '35', '22', '23', '15', '16', '19', '40', '30', '42', '33', '48', '26', '36', '1', '27', '46', '41', '25', '44', '20']","['5', '4', '3', '49', '28', '8', '6', '45', '14', '50', '9', '10', '17', '21', '47', '24', '37', '43', '29']","['12', '32']","[None, '31']"
579,5 dispatched to IO0,dispatch_io,5,IO0,"['11', '38', '39', '7', '34', '2', '35', '22', '23', '15', '16', '19', '40', '30', '42', '33', '48', '26', '36', '1', '27', '46', '41', '25', '44', '20']","['4', '3', '49', '28', '8', '6', '45', '14', '50', '9', '10', '17', '21', '47', '24', '37', '43', '29']","['12', '32']","['5', '31']"
580,32 finished CPU → wait queue,cpu_to_io,32,CPU1,"['11', '38', '39', '7', '34', '2', '35', '22', '23', '15', '16', '19', '40', '30', '42', '33', '48', '26', '36', '1', '27', '46', '41', '25', '44', '20']","['4', '3', '49', '28', '8', '6', '45', '14', '50', '9', '10', '17', '21', '47', '24', '37', '43', '29', '32']","['12', None]","['5', '31']"
580,11 dispatched to CPU1,dispatch_cpu,11,CPU1,"['38', '39', '7', '34', '2', '35', '22', '23', '15', '16', '19', '40', '30', '42', '33', '48', '26', '36', '1', '27', '46', '41', '25', '44', '20']","['4', '3', '49', '28', '8', '6', '45', '14', '50', '9', '10', '17', '21', '47', '24', '37', '43', '29', '32']","['12', '11']","['5', '31']"
584,5 finished I/O → ready queue,io_to_ready,5,IO0,"['38', '39', '7', '34', '2', '35', '22', '23', '15', '16', '19', '40', '30', '42', '33', '48', '26', '36', '1', '27', '46', '41', '25', '44', '20', '5']","['4', '3', '49', '28', '8', '6', '45', '14', '50', '9', '10', '17', '21', '47', '24', '37', '43', '29', '32']","['12', '11']","[None, '31']"
584,4 dispatched to IO0,dispatch_io,4,IO0,"['38', '39', '7', '34', '2', '35', '22', '23', '15', '16', '19', '40', '30', '42', '33', '48', '26', '36', '1', '27', '46', '41', '25', '44', '20', '5']","['3', '49', '28', '8', '6', '45', '14', '50', '9', '10', '17', '21', '47', '24', '37', '43', '29', '32']","['12', '11']","['4', '31']"
585,12 finished CPU → ready queue,cpu_to_ready,12,CPU0,"['38', '39', '7', '34', '2', '35', '22', '23', '15', '16', '19', '40', '30', '42', '33', '48', '26', '36', '1', '27', '46', '41', '25', '44', '20', '5', '12']","['3', '49', '28', '8', '6', '45', '14', '50', '9', '10', '17', '21', '47', '24', '37', '43', '29', '32']","[None, '11']","['4', '31']"
585,11 finished CPU → wait queue,cpu_to_io,11,CPU1,"['38', '39', '7', '34', '2', '35', '22', '23', '15', '16', '19', '40', '30', '42', '33', '48', '26', '36', '1', '27', '46', '41', '25', '44', '20', '5', '12']","['3', '49', '28', '8', '6', '45', '14', '50', '9', '10', '17', '21', '47', '24', '37', '43', '29', '32', '11']","[None, None]","['4', '31']"
585,38 dispatched to CPU0,dispatch_cpu,38,CPU0,"['39', '7', '34', '2', '35', '22', '23', '15', '16', '19', '40', '30', '42', '33', '48', '26', '36', '1', '27', '46', '41', '25', '44', '20', '5', '12']","['3', '49', '28', '8', '6', '45', '14', '50', '9', '10', '17', '21', '47', '24', '37', '43', '29', '32', '11']","['38', None]","['4', '31']"
585,39 dispatched to CPU1,dispatch_cpu,39,CPU1,"['7', '34', '2', '35', '22', '23', '15', '16', '19', '40', '30', '42', '33', '48', '26', '36', '1', '27', '46', '41', '25', '44', '20', '5', '12']","['3', '49', '28', '8', '6', '45', '14', '50', '9', '10', '17', '21', '47', '24', '37', '43', '29', '32', '11']","['38', '39']","['4', '31']"
587,38 finished CPU → wait queue,cpu_to_io,38,CPU0,"['7', '34', '2', '35', '22', '23', '15', '16', '19', '40', '30', '42', '33', '48', '26', '36', '1', '27', '46', '41', '25', '44', '20', '5', '12']","['3', '49', '28', '8', '6', '45', '14', '50', '9', '10', '17', '21', '47', '24', '37', '43', '29', '32', '11', '38']","[None, '39']","['4', '31']"
587,7 dispatched to CPU0,dispatch_cpu,7,CPU0,"['34', '2', '35', '22', '23', '15', '16', '19', '40', '30', '42', '33', '48', '26', '36', '1', '27', '46', '41', '25', '44', '20', '5', '12']","['3', '49', '28', '8', '6', '45', '14', '50', '9', '10', '17', '21', '47', '24', '37', '43', '29', '32', '11', '38']","['7', '39']","['4', '31']"
590,39 finished CPU → wait queue,cpu_to_io,39,CPU1,"['34', '2', '35', '22', '23', '15', '16', '19', '40', '30', '42', '33', '48', '26', '36', '1', '27', '46', '41', '25', '44', '20', '5', '12']","['3', '49', '28', '8', '6', '45', '14', '50', '9', '10', '17', '21', '47', '24', '37', '43', '29', '32', '11', '38', '39']","['7', None]","['4', '31']"
590,34 dispatched to CPU1,dispatch_cpu,34,CPU1,"['2', '35', '22', '23', '15', '16', '19', '40', '30', '42', '33', '48', '26', '36', '1', '27', '46', '41', '25', '44', '20', '5', '12']","['3', '49', '28', '8', '6', '45', '14', '50', '9', '10', '17', '21', '47', '24', '37', '43', '29', '32', '11', '38', '39']","['7', '34']","['4', '31']"
591,31 finished I/O → ready queue,io_to_ready,31,IO1,"['2', '35', '22', '23', '15', '16', '19', '40', '30', '42', '33', '48', '26', '36', '1', '27', '46', '41', '25', '44', '20', '5', '12', '31']","['3', '49', '28', '8', '6', '45', '14', '50', '9', '10', '17', '21', '47', '24', '37', '43', '29', '32', '11', '38', '39']","['7', '34']","['4', None]"
591,3 dispatched to IO1,dispatch_io,3,IO1,"['2', '35', '22', '23', '15', '16', '19', '40', '30', '42', '33', '48', '26', '36', '1', '27', '46', '41', '25', '44', '20', '5', '12', '31']","['49', '28', '8', '6', '45', '14', '50', '9', '10', '17', '21', '47', '24', '37', '43', '29', '32', '11', '38', '39']","['7', '34']","['4', '3']"
593,7 finished CPU → wait queue,cpu_to_io,7,CPU0,"['2', '35', '22', '23', '15', '16', '19', '40', '30', '42', '33', '48', '26', '36', '1', '27', '46', '41', '25', '44', '20', '5', '12', '31']","['49', '28', '8', '6', '45', '14', '50', '9', '10', '17', '21', '47', '24', '37', '43', '29', '32', '11', '38', '39', '7']","[None, '34']","['4', '3']"
593,2 dispatched to CPU0,dispatch_cpu,2,CPU0,"['35', '22', '23', '15', '16', '19', '40', '30', '42', '33', '48', '26', '36', '1', '27', '46', '41', '25', '44', '20', '5', '12', '31']","['49', '28', '8', '6', '45', '14', '50', '9', '10', '17', '21', '47', '24', '37', '43', '29', '32', '11', '38', '39', '7']","['2', '34']","['4', '3']"
594,3 finished I/O → ready queue,io_to_ready,3,IO1,"['35', '22', '23', '15', '16', '19', '40', '30', '42', '33', '48', '26', '36', '1', '27', '46', '41', '25', '44', '20', '5', '12', '31', '3']","['49', '28', '8', '6', '45', '14', '50', '9', '10', '17', '21', '47', '24', '37', '43', '29', '32', '11', '38', '39', '7']","['2', '34']","['4', None]"
594,49 dispatched to IO1,dispatch_io,49,IO1,"['35', '22', '23', '15', '16', '19', '40', '30', '42', '33', '48', '26', '36', '1', '27', '46', '41', '25', '44', '20', '5', '12', '31', '3']","['28', '8', '6', '45', '14', '50', '9', '10', '17', '21', '47', '24', '37', '43', '29', '32', '11', '38', '39', '7']","['2', '34']","['4', '49']"
596,34 finished CPU → ready queue,cpu_to_ready,34,CPU1,"['35', '22', '23', '15', '16', '19', '40', '30', '42', '33', '48', '26', '36', '1', '27', '46', '41', '25', '44', '20', '5', '12', '31', '3', '34']","['28', '8', '6', '45', '14', '50', '9', '10', '17', '21', '47', '24', '37', '43', '29', '32', '11', '38', '39', '7']","['2', None]","['4', '49']"
596,49 finished I/O → ready queue,io_to_ready,49,IO1,"['35', '22', '23', '15', '16', '19', '40', '30', '42', '33', '48', '26', '36', '1', '27', '46', '41', '25', '44', '20', '5', '12', '31', '3', '34', '49']","['28', '8', '6', '45', '14', '50', '9', '10', '17', '21', '47', '24', '37', '43', '29', '32', '11', '38', '39', '7']","['2', None]","['4', None]"
596,35 dispatched to CPU1,dispatch_cpu,35,CPU1,"['22', '23', '15', '16', '19', '40', '30', '42', '33', '48', '26', '36', '1', '27', '46', '41', '25', '44', '20', '5', '12', '31', '3', '34', '49']","['28', '8', '6', '45', '14', '50', '9', '10', '17', '21', '47', '24', '37', '43', '29', '32', '11', '38', '39', '7']","['2', '35']","['4', None]"
596,28 dispatched to IO1,dispatch_io,28,IO1,"['22', '23', '15', '16', '19', '40', '30', '42', '33', '48', '26', '36', '1', '27', '46', '41', '25', '44', '20', '5', '12', '31', '3', '34', '49']","['8', '6', '45', '14', '50', '9', '10', '17', '21', '47', '24', '37', '43', '29', '32', '11', '38', '39', '7']","['2', '35']","['4', '28']"
597,35 finished CPU → wait queue,cpu_to_io,35,CPU1,"['22', '23', '15', '16', '19', '40', '30', '42', '33', '48', '26', '36', '1', '27', '46', '41', '25', '44', '20', '5', '12', '31', '3', '34', '49']","['8', '6', '45', '14', '50', '9', '10', '17', '21', '47', '24', '37', '43', '29', '32', '11', '38', '39', '7', '35']","['2', None]","['4', '28']"
597,22 dispatched to CPU1,dispatch_cpu,22,CPU1,"['23', '15', '16', '19', '40', '30', '42', '33', '48', '26', '36', '1', '27', '46', '41', '25', '44', '20', '5', '12', '31', '3', '34', '49']","['8', '6', '45', '14', '50', '9', '10', '17', '21', '47', '24', '37', '43', '29', '32', '11', '38', '39', '7', '35']","['2', '22']","['4', '28']"
598,2 finished CPU → wait queue,cpu_to_io,2,CPU0,"['23', '15', '16', '19', '40', '30', '42', '33', '48', '26', '36', '1', '27', '46', '41', '25', '44', '20', '5', '12', '31', '3', '34', '49']","['8', '6', '45', '14', '50', '9', '10', '17', '21', '47', '24', '37', '43', '29', '32', '11', '38', '39', '7', '35', '2']","[None, '22']","['4', '28']"
598,23 dispatched to CPU0,dispatch_cpu,23,CPU0,"['15', '16', '19', '40', '30', '42', '33', '48', '26', '36', '1', '27', '46', '41', '25', '44', '20', '5', '12', '31', '3', '34', '49']","['8', '6', '45', '14', '50', '9', '10', '17', '21', '47', '24', '37', '43', '29', '32', '11', '38', '39', '7', '35', '2']","['23', '22']","['4', '28']"
601,4 finished I/O → ready queue,io_to_ready,4,IO0,"['15', '16', '19', '40', '30', '42', '33', '48', '26', '36', '1', '27', '46', '41', '25', '44', '20', '5', '12', '31', '3', '34', '49', '4']","['8', '6', '45', '14', '50', '9', '10', '17', '21', '47', '24', '37', '43', '29', '32', '11', '38', '39', '7', '35', '2']","['23', '22']","[None, '28']"
601,8 dispatched to IO0,dispatch_io,8,IO0,"['15', '16', '19', '40', '30', '42', '33', '48', '26', '36', '1', '27', '46', '41', '25', '44', '20', '5', '12', '31', '3', '34', '49', '4']","['6', '45', '14', '50', '9', '10', '17', '21', '47', '24', '37', '43', '29', '32', '11', '38', '39', '7', '35', '2']","['23', '22']","['8', '28']"
606,23 finished CPU → ready queue,cpu_to_ready,23,CPU0,"['15', '16', '19', '40', '30', '42', '33', '48', '26', '36', '1', '27', '46', '41', '25', '44', '20', '5', '12', '31', '3', '34', '49', '4', '23']","['6', '45', '14', '50', '9', '10', '17', '21', '47', '24', '37', '43', '29', '32', '11', '38', '39', '7', '35', '2']","[None, '22']","['8', '28']"
606,15 dispatched to CPU0,dispatch_cpu,15,CPU0,"['16', '19', '40', '30', '42', '33', '48', '26', '36', '1', '27', '46', '41', '25', '44', '20', '5', '12', '31', '3', '34', '49', '4', '23']","['6', '45', '14', '50', '9', '10', '17', '21', '47', '24', '37', '43', '29', '32', '11', '38', '39', '7', '35', '2']","['15', '22']","['8', '28']"
607,8 finished I/O → ready queue,io_to_ready,8,IO0,"['16', '19', '40', '30', '42', '33', '48', '26', '36', '1', '27', '46', '41', '25', '44', '20', '5', '12', '31', '3', '34', '49', '4', '23', '8']","['6', '45', '14', '50', '9', '10', '17', '21', '47', '24', '37', '43', '29', '32', '11', '38', '39', '7', '35', '2']","['15', '22']","[None, '28']"
607,6 dispatched to IO0,dispatch_io,6,IO0,"['16', '19', '40', '30', '42', '33', '48', '26', '36', '1', '27', '46', '41', '25', '44', '20', '5', '12', '31', '3', '34', '49', '4', '23', '8']","['45', '14', '50', '9', '10', '17', '21', '47', '24', '37', '43', '29', '32', '11', '38', '39', '7', '35', '2']","['15', '22']","['6', '28']"
608,28 finished I/O → ready queue,io_to_ready,28,IO1,"['16', '19', '40', '30', '42', '33', '48', '26', '36', '1', '27', '46', '41', '25', '44', '20', '5', '12', '31', '3', '34', '49', '4', '23', '8', '28']","['45', '14', '50', '9', '10', '17', '21', '47', '24', '37', '43', '29', '32', '11', '38', '39', '7', '35', '2']","['15', '22']","['6', None]"
608,45 dispatched to IO1,dispatch_io,45,IO1,"['16', '19', '40', '30', '42', '33', '48', '26', '36', '1', '27', '46', '41', '25', '44', '20', '5', '12', '31', '3', '34', '49', '4', '23', '8', '28']","['14', '50', '9', '10', '17', '21', '47', '24', '37', '43', '29', '32', '11', '38', '39', '7', '35', '2']","['15', '22']","['6', '45']"
610,22 finished CPU → ready queue,cpu_to_ready,22,CPU1,"['16', '19', '40', '30', '42', '33', '48', '26', '36', '1', '27', '46', '41', '25', '44', '20', '5', '12', '31', '3', '34', '49', '4', '23', '8', '28', '22']","['14', '50', '9', '10', '17', '21', '47', '24', '37', '43', '29', '32', '11', '38', '39', '7', '35', '2']","['15', None]","['6', '45']"
610,16 dispatched to CPU1,dispatch_cpu,16,CPU1,"['19', '40', '30', '42', '33', '48', '26', '36', '1', '27', '46', '41', '25', '44', '20', '5', '12', '31', '3', '34', '49', '4', '23', '8', '28', '22']","['14', '50', '9', '10', '17', '21', '47', '24', '37', '43', '29', '32', '11', '38', '39', '7', '35', '2']","['15', '16']","['6', '45']"
611,15 finished CPU → ready queue,cpu_to_ready,15,CPU0,"['19', '40', '30', '42', '33', '48', '26', '36', '1', '27', '46', '41', '25', '44', '20', '5', '12', '31', '3', '34', '49', '4', '23', '8', '28', '22', '15']","['14', '50', '9', '10', '17', '21', '47', '24', '37', '43', '29', '32', '11', '38', '39', '7', '35', '2']","[None, '16']","['6', '45']"
611,19 dispatched to CPU0,dispatch_cpu,19,CPU0,"['40', '30', '42', '33', '48', '26', '36', '1', '27', '46', '41', '25', '44', '20', '5', '12', '31', '3', '34', '49', '4', '23', '8', '28', '22', '15']","['14', '50', '9', '10', '17', '21', '47', '24', '37', '43', '29', '32', '11', '38', '39', '7', '35', '2']","['19', '16']","['6', '45']"
617,16 finished CPU → wait queue,cpu_to_io,16,CPU1,"['40', '30', '42', '33', '48', '26', '36', '1', '27', '46', '41', '25', '44', '20', '5', '12', '31', '3', '34', '49', '4', '23', '8', '28', '22', '15']","['14', '50', '9', '10', '17', '21', '47', '24', '37', '43', '29', '32', '11', '38', '39', '7', '35', '2', '16']","['19', None]","['6', '45']"
617,40 dispatched to CPU1,dispatch_cpu,40,CPU1,"['30', '42', '33', '48', '26', '36', '1', '27', '46', '41', '25', '44', '20', '5', '12', '31', '3', '34', '49', '4', '23', '8', '28', '22', '15']","['14', '50', '9', '10', '17', '21', '47', '24', '37', '43', '29', '32', '11', '38', '39', '7', '35', '2', '16']","['19', '40']","['6', '45']"
621,40 finished CPU → ready queue,cpu_to_ready,40,CPU1,"['30', '42', '33', '48', '26', '36', '1', '27', '46', '41', '25', '44', '20', '5', '12', '31', '3', '34', '49', '4', '23', '8', '28', '22', '15', '40']","['14', '50', '9', '10', '17', '21', '47', '24', '37', '43', '29', '32', '11', '38', '39', '7', '35', '2', '16']","['19', None]","['6', '45']"
621,30 dispatched to CPU1,dispatch_cpu,30,CPU1,"['42', '33', '48', '26', '36', '1', '27', '46', '41', '25', '44', '20', '5', '12', '31', '3', '34', '49', '4', '23', '8', '28', '22', '15', '40']","['14', '50', '9', '10', '17', '21', '47', '24', '37', '43', '29', '32', '11', '38', '39', '7', '35', '2', '16']","['19', '30']","['6', '45']"
623,6 finished I/O → ready queue,io_to_ready,6,IO0,"['42', '33', '48', '26', '36', '1', '27', '46', '41', '25', '44', '20', '5', '12', '31', '3', '34', '49', '4', '23', '8', '28', '22', '15', '40', '6']","['14', '50', '9', '10', '17', '21', '47', '24', '37', '43', '29', '32', '11', '38', '39', '7', '35', '2', '16']","['19', '30']","[None, '45']"
623,14 dispatched to IO0,dispatch_io,14,IO0,"['42', '33', '48', '26', '36', '1', '27', '46', '41', '25', '44', '20', '5', '12', '31', '3', '34', '49', '4', '23', '8', '28', '22', '15', '40', '6']","['50', '9', '10', '17', '21', '47', '24', '37', '43', '29', '32', '11', '38', '39', '7', '35', '2', '16']","['19', '30']","['14', '45']"
624,19 finished CPU → wait queue,cpu_to_io,19,CPU0,"['42', '33', '48', '26', '36', '1', '27', '46', '41', '25', '44', '20', '5', '12', '31', '3', '34', '49', '4', '23', '8', '28', '22', '15', '40', '6']","['50', '9', '10', '17', '21', '47', '24', '37', '43', '29', '32', '11', '38', '39', '7', '35', '2', '16', '19']","[None, '30']","['14', '45']"
624,42 dispatched to CPU0,dispatch_cpu,42,CPU0,"['33', '48', '26', '36', '1', '27', '46', '41', '25', '44', '20', '5', '12', '31', '3', '34', '49', '4', '23', '8', '28', '22', '15', '40', '6']","['50', '9', '10', '17', '21', '47', '24', '37', '43', '29', '32', '11', '38', '39', '7', '35', '2', '16', '19']","['42', '30']","['14', '45']"
625,45 finished I/O → ready queue,io_to_ready,45,IO1,"['33', '48', '26', '36', '1', '27', '46', '41', '25', '44', '20', '5', '12', '31', '3', '34', '49', '4', '23', '8', '28', '22', '15', '40', '6', '45']","['50', '9', '10', '17', '21', '47', '24', '37', '43', '29', '32', '11', '38', '39', '7', '35', '2', '16', '19']","['42', '30']","['14', None]"
625,50 dispatched to IO1,dispatch_io,50,IO1,"['33', '48', '26', '36', '1', '27', '46', '41', '25', '44', '20', '5', '12', '31', '3', '34', '49', '4', '23', '8', '28', '22', '15', '40', '6', '45']","['9', '10', '17', '21', '47', '24', '37', '43', '29', '32', '11', '38', '39', '7', '35', '2', '16', '19']","['42', '30']","['14', '50']"
627,42 finished CPU → ready queue,cpu_to_ready,42,CPU0,"['33', '48', '26', '36', '1', '27', '46', '41', '25', '44', '20', '5', '12', '31', '3', '34', '49', '4', '23', '8', '28', '22', '15', '40', '6', '45', '42']","['9', '10', '17', '21', '47', '24', '37', '43', '29', '32', '11', '38', '39', '7', '35', '2', '16', '19']","[None, '30']","['14', '50']"
627,33 dispatched to CPU0,dispatch_cpu,33,CPU0,"['48', '26', '36', '1', '27', '46', '41', '25', '44', '20', '5', '12', '31', '3', '34', '49', '4', '23', '8', '28', '22', '15', '40', '6', '45', '42']","['9', '10', '17', '21', '47', '24', '37', '43', '29', '32', '11', '38', '39', '7', '35', '2', '16', '19']","['33', '30']","['14', '50']"
631,30 finished CPU → wait queue,cpu_to_io,30,CPU1,"['48', '26', '36', '1', '27', '46', '41', '25', '44', '20', '5', '12', '31', '3', '34', '49', '4', '23', '8', '28', '22', '15', '40', '6', '45', '42']","['9', '10', '17', '21', '47', '24', '37', '43', '29', '32', '11', '38', '39', '7', '35', '2', '16', '19', '30']","['33', None]","['14', '50']"
631,48 dispatched to CPU1,dispatch_cpu,48,CPU1,"['26', '36', '1', '27', '46', '41', '25', '44', '20', '5', '12', '31', '3', '34', '49', '4', '23', '8', '28', '22', '15', '40', '6', '45', '42']","['9', '10', '17', '21', '47', '24', '37', '43', '29', '32', '11', '38', '39', '7', '35', '2', '16', '19', '30']","['33', '48']","['14', '50']"
633,33 finished CPU → ready queue,cpu_to_ready,33,CPU0,"['26', '36', '1', '27', '46', '41', '25', '44', '20', '5', '12', '31', '3', '34', '49', '4', '23', '8', '28', '22', '15', '40', '6', '45', '42', '33']","['9', '10', '17', '21', '47', '24', '37', '43', '29', '32', '11', '38', '39', '7', '35', '2', '16', '19', '30']","[None, '48']","['14', '50']"
633,48 finished CPU → ready queue,cpu_to_ready,48,CPU1,"['26', '36', '1', '27', '46', '41', '25', '44', '20', '5', '12', '31', '3', '34', '49', '4', '23', '8', '28', '22', '15', '40', '6', '45', '42', '33', '48']","['9', '10', '17', '21', '47', '24', '37', '43', '29', '32', '11', '38', '39', '7', '35', '2', '16', '19', '30']","[None, None]","['14', '50']"
633,26 dispatched to CPU0,dispatch_cpu,26,CPU0,"['36', '1', '27', '46', '41', '25', '44', '20', '5', '12', '31', '3', '34', '49', '4', '23', '8', '28', '22', '15', '40', '6', '45', '42', '33', '48']","['9', '10', '17', '21', '47', '24', '37', '43', '29', '32', '11', '38', '39', '7', '35', '2', '16', '19', '30']","['26', None]","['14', '50']"
633,36 dispatched to CPU1,dispatch_cpu,36,CPU1,"['1', '27', '46', '41', '25', '44', '20', '5', '12', '31', '3', '34', '49', '4', '23', '8', '28', '22', '15', '40', '6', '45', '42', '33', '48']","['9', '10', '17', '21', '47', '24', '37', '43', '29', '32', '11', '38', '39', '7', '35', '2', '16', '19', '30']","['26', '36']","['14', '50']"
641,50 finished I/O → ready queue,io_to_ready,50,IO1,"['1', '27', '46', '41', '25', '44', '20', '5', '12', '31', '3', '34', '49', '4', '23', '8', '28', '22', '15', '40', '6', '45', '42', '33', '48', '50']","['9', '10', '17', '21', '47', '24', '37', '43', '29', '32', '11', '38', '39', '7', '35', '2', '16', '19', '30']","['26', '36']","['14', None]"
641,9 dispatched to IO1,dispatch_io,9,IO1,"['1', '27', '46', '41', '25', '44', '20', '5', '12', '31', '3', '34', '49', '4', '23', '8', '28', '22', '15', '40', '6', '45', '42', '33', '48', '50']","['10', '17', '21', '47', '24', '37', '43', '29', '32', '11', '38', '39', '7', '35', '2', '16', '19', '30']","['26', '36']","['14', '9']"
646,26 finished CPU → ready queue,cpu_to_ready,26,CPU0,"['1', '27', '46', '41', '25', '44', '20', '5', '12', '31', '3', '34', '49', '4', '23', '8', '28', '22', '15', '40', '6', '45', '42', '33', '48', '50', '26']","['10', '17', '21', '47', '24', '37', '43', '29', '32', '11', '38', '39', '7', '35', '2', '16', '19', '30']","[None, '36']","['14', '9']"
646,1 dispatched to CPU0,dispatch_cpu,1,CPU0,"['27', '46', '41', '25', '44', '20', '5', '12', '31', '3', '34', '49', '4', '23', '8', '28', '22', '15', '40', '6', '45', '42', '33', '48', '50', '26']","['10', '17', '21', '47', '24', '37', '43', '29', '32', '11', '38', '39', '7', '35', '2', '16', '19', '30']","['1', '36']","['14', '9']"
650,36 finished CPU → ready queue,cpu_to_ready,36,CPU1,"['27', '46', '41', '25', '44', '20', '5', '12', '31', '3', '34', '49', '4', '23', '8', '28', '22', '15', '40', '6', '45', '42', '33', '48', '50', '26', '36']","['10', '17', '21', '47', '24', '37', '43', '29', '32', '11', '38', '39', '7', '35', '2', '16', '19', '30']","['1', None]","['14', '9']"
650,14 finished I/O → ready queue,io_to_ready,14,IO0,"['27', '46', '41', '25', '44', '20', '5', '12', '31', '3', '34', '49', '4', '23', '8', '28', '22', '15', '40', '6', '45', '42', '33', '48', '50', '26', '36', '14']","['10', '17', '21', '47', '24', '37', '43', '29', '32', '11', '38', '39', '7', '35', '2', '16', '19', '30']","['1', None]","[None, '9']"
650,27 dispatched to CPU1,dispatch_cpu,27,CPU1,"['46', '41', '25', '44', '20', '5', '12', '31', '3', '34', '49', '4', '23', '8', '28', '22', '15', '40', '6', '45', '42', '33', '48', '50', '26', '36', '14']","['10', '17', '21', '47', '24', '37', '43', '29', '32', '11', '38', '39', '7', '35', '2', '16', '19', '30']","['1', '27']","[None, '9']"
650,10 dispatched to IO0,dispatch_io,10,IO0,"['46', '41', '25', '44', '20', '5', '12', '31', '3', '34', '49', '4', '23', '8', '28', '22', '15', '40', '6', '45', '42', '33', '48', '50', '26', '36', '14']","['17', '21', '47', '24', '37', '43', '29', '32', '11', '38', '39', '7', '35', '2', '16', '19', '30']","['1', '27']","['10', '9']"
653,1 finished CPU → ready queue,cpu_to_ready,1,CPU0,"['46', '41', '25', '44', '20', '5', '12', '31', '3', '34', '49', '4', '23', '8', '28', '22', '15', '40', '6', '45', '42', '33', '48', '50', '26', '36', '14', '1']","['17', '21', '47', '24', '37', '43', '29', '32', '11', '38', '39', '7', '35', '2', '16', '19', '30']","[None, '27']","['10', '9']"
653,46 dispatched to CPU0,dispatch_cpu,46,CPU0,"['41', '25', '44', '20', '5', '12', '31', '3', '34', '49', '4', '23', '8', '28', '22', '15', '40', '6', '45', '42', '33', '48', '50', '26', '36', '14', '1']","['17', '21', '47', '24', '37', '43', '29', '32', '11', '38', '39', '7', '35', '2', '16', '19', '30']","['46', '27']","['10', '9']"
659,46 finished CPU → wait queue,cpu_to_io,46,CPU0,"['41', '25', '44', '20', '5', '12', '31', '3', '34', '49', '4', '23', '8', '28', '22', '15', '40', '6', '45', '42', '33', '48', '50', '26', '36', '14', '1']","['17', '21', '47', '24', '37', '43', '29', '32', '11', '38', '39', '7', '35', '2', '16', '19', '30', '46']","[None, '27']","['10', '9']"
659,41 dispatched to CPU0,dispatch_cpu,41,CPU0,"['25', '44', '20', '5', '12', '31', '3', '34', '49', '4', '23', '8', '28', '22', '15', '40', '6', '45', '42', '33', '48', '50', '26', '36', '14', '1']","['17', '21', '47', '24', '37', '43', '29', '32', '11', '38', '39', '7', '35', '2', '16', '19', '30', '46']","['41', '27']","['10', '9']"
662,27 finished CPU → wait queue,cpu_to_io,27,CPU1,"['25', '44', '20', '5', '12', '31', '3', '34', '49', '4', '23', '8', '28', '22', '15', '40', '6', '45', '42', '33', '48', '50', '26', '36', '14', '1']","['17', '21', '47', '24', '37', '43', '29', '32', '11', '38', '39', '7', '35', '2', '16', '19', '30', '46', '27']","['41', None]","['10', '9']"
662,25 dispatched to CPU1,dispatch_cpu,25,CPU1,"['44', '20', '5', '12', '31', '3', '34', '49', '4', '23', '8', '28', '22', '15', '40', '6', '45', '42', '33', '48', '50', '26', '36', '14', '1']","['17', '21', '47', '24', '37', '43', '29', '32', '11', '38', '39', '7', '35', '2', '16', '19', '30', '46', '27']","['41', '25']","['10', '9']"
663,9 finished I/O → ready queue,io_to_ready,9,IO1,"['44', '20', '5', '12', '31', '3', '34', '49', '4', '23', '8', '28', '22', '15', '40', '6', '45', '42', '33', '48', '50', '26', '36', '14', '1', '9']","['17', '21', '47', '24', '37', '43', '29', '32', '11', '38', '39', '7', '35', '2', '16', '19', '30', '46', '27']","['41', '25']","['10', None]"
663,17 dispatched to IO1,dispatch_io,17,IO1,"['44', '20', '5', '12', '31', '3', '34', '49', '4', '23', '8', '28', '22', '15', '40', '6', '45', '42', '33', '48', '50', '26', '36', '14', '1', '9']","['21', '47', '24', '37', '43', '29', '32', '11', '38', '39', '7', '35', '2', '16', '19', '30', '46', '27']","['41', '25']","['10', '17']"
666,41 finished CPU → wait queue,cpu_to_io,41,CPU0,"['44', '20', '5', '12', '31', '3', '34', '49', '4', '23', '8', '28', '22', '15', '40', '6', '45', '42', '33', '48', '50', '26', '36', '14', '1', '9']","['21', '47', '24', '37', '43', '29', '32', '11', '38', '39', '7', '35', '2', '16', '19', '30', '46', '27', '41']","[None, '25']","['10', '17']"
666,44 dispatched to CPU0,dispatch_cpu,44,CPU0,"['20', '5', '12', '31', '3', '34', '49', '4', '23', '8', '28', '22', '15', '40', '6', '45', '42', '33', '48', '50', '26', '36', '14', '1', '9']","['21', '47', '24', '37', '43', '29', '32', '11', '38', '39', '7', '35', '2', '16', '19', '30', '46', '27', '41']","['44', '25']","['10', '17']"
668,25 finished CPU → ready queue,cpu_to_ready,25,CPU1,"['20', '5', '12', '31', '3', '34', '49', '4', '23', '8', '28', '22', '15', '40', '6', '45', '42', '33', '48', '50', '26', '36', '14', '1', '9', '25']","['21', '47', '24', '37', '43', '29', '32', '11', '38', '39', '7', '35', '2', '16', '19', '30', '46', '27', '41']","['44', None]","['10', '17']"
668,20 dispatched to CPU1,dispatch_cpu,20,CPU1,"['5', '12', '31', '3', '34', '49', '4', '23', '8', '28', '22', '15', '40', '6', '45', '42', '33', '48', '50', '26', '36', '14', '1', '9', '25']","['21', '47', '24', '37', '43', '29', '32', '11', '38', '39', '7', '35', '2', '16', '19', '30', '46', '27', '41']","['44', '20']","['10', '17']"
674,44 finished CPU → wait queue,cpu_to_io,44,CPU0,"['5', '12', '31', '3', '34', '49', '4', '23', '8', '28', '22', '15', '40', '6', '45', '42', '33', '48', '50', '26', '36', '14', '1', '9', '25']","['21', '47', '24', '37', '43', '29', '32', '11', '38', '39', '7', '35', '2', '16', '19', '30', '46', '27', '41', '44']","[None, '20']","['10', '17']"
674,17 finished I/O → ready queue,io_to_ready,17,IO1,"['5', '12', '31', '3', '34', '49', '4', '23', '8', '28', '22', '15', '40', '6', '45', '42', '33', '48', '50', '26', '36', '14', '1', '9', '25', '17']","['21', '47', '24', '37', '43', '29', '32', '11', '38', '39', '7', '35', '2', '16', '19', '30', '46', '27', '41', '44']","[None, '20']","['10', None]"
674,5 dispatched to CPU0,dispatch_cpu,5,CPU0,"['12', '31', '3', '34', '49', '4', '23', '8', '28', '22', '15', '40', '6', '45', '42', '33', '48', '50', '26', '36', '14', '1', '9', '25', '17']","['21', '47', '24', '37', '43', '29', '32', '11', '38', '39', '7', '35', '2', '16', '19', '30', '46', '27', '41', '44']","['5', '20']","['10', None]"
674,21 dispatched to IO1,dispatch_io,21,IO1,"['12', '31', '3', '34', '49', '4', '23', '8', '28', '22', '15', '40', '6', '45', '42', '33', '48', '50', '26', '36', '14', '1', '9', '25', '17']","['47', '24', '37', '43', '29', '32', '11', '38', '39', '7', '35', '2', '16', '19', '30', '46', '27', '41', '44']","['5', '20']","['10', '21']"
678,5 finished CPU → wait queue,cpu_to_io,5,CPU0,"['12', '31', '3', '34', '49', '4', '23', '8', '28', '22', '15', '40', '6', '45', '42', '33', '48', '50', '26', '36', '14', '1', '9', '25', '17']","['47', '24', '37', '43', '29', '32', '11', '38', '39', '7', '35', '2', '16', '19', '30', '46', '27', '41', '44', '5']","[None, '20']","['10', '21']"
678,12 dispatched to CPU0,dispatch_cpu,12,CPU0,"['31', '3', '34', '49', '4', '23', '8', '28', '22', '15', '40', '6', '45', '42', '33', '48', '50', '26', '36', '14', '1', '9', '25', '17']","['47', '24', '37', '43', '29', '32', '11', '38', '39', '7', '35', '2', '16', '19', '30', '46', '27', '41', '44', '5']","['12', '20']","['10', '21']"
679,12 finished all bursts,finished,12,CPU0,"['31', '3', '34', '49', '4', '23', '8', '28', '22', '15', '40', '6', '45', '42', '33', '48', '50', '26', '36', '14', '1', '9', '25', '17']","['47', '24', '37', '43', '29', '32', '11', '38', '39', '7', '35', '2', '16', '19', '30', '46', '27', '41', '44', '5']","[None, '20']","['10', '21']"
679,10 finished I/O → ready queue,io_to_ready,10,IO0,"['31', '3', '34', '49', '4', '23', '8', '28', '22', '15', '40', '6', '45', '42', '33', '48', '50', '26', '36', '14', '1', '9', '25', '17', '10']","['47', '24', '37', '43', '29', '32', '11', '38', '39', '7', '35', '2', '16', '19', '30', '46', '27', '41', '44', '5']","[None, '20']","[None, '21']"
679,31 dispatched to CPU0,dispatch_cpu,31,CPU0,"['3', '34', '49', '4', '23', '8', '28', '22', '15', '40', '6', '45', '42', '33', '48', '50', '26', '36', '14', '1', '9', '25', '17', '10']","['47', '24', '37', '43', '29', '32', '11', '38', '39', '7', '35', '2', '16', '19', '30', '46', '27', '41', '44', '5']","['31', '20']","[None, '21']"
679,47 dispatched to IO0,dispatch_io,47,IO0,"['3', '34', '49', '4', '23', '8', '28', '22', '15', '40', '6', '45', '42', '33', '48', '50', '26', '36', '14', '1', '9', '25', '17', '10']","['24', '37', '43', '29', '32', '11', '38', '39', '7', '35', '2', '16', '19', '30', '46', '27', '41', '44', '5']","['31', '20']","['47', '21']"
681,21 finished I/O → ready queue,io_to_ready,21,IO1,"['3', '34', '49', '4', '23', '8', '28', '22', '15', '40', '6', '45', '42', '33', '48', '50', '26', '36', '14', '1', '9', '25', '17', '10', '21']","['24', '37', '43', '29', '32', '11', '38', '39', '7', '35', '2', '16', '19', '30', '46', '27', '41', '44', '5']","['31', '20']","['47', None]"
681,24 dispatched to IO1,dispatch_io,24,IO1,"['3', '34', '49', '4', '23', '8', '28', '22', '15', '40', '6', '45', '42', '33', '48', '50', '26', '36', '14', '1', '9', '25', '17', '10', '21']","['37', '43', '29', '32', '11', '38', '39', '7', '35', '2', '16', '19', '30', '46', '27', '41', '44', '5']","['31', '20']","['47', '24']"
683,31 finished CPU → wait queue,cpu_to_io,31,CPU0,"['3', '34', '49', '4', '23', '8', '28', '22', '15', '40', '6', '45', '42', '33', '48', '50', '26', '36', '14', '1', '9', '25', '17', '10', '21']","['37', '43', '29', '32', '11', '38', '39', '7', '35', '2', '16', '19', '30', '46', '27', '41', '44', '5', '31']","[None, '20']","['47', '24']"
683,3 dispatched to CPU0,dispatch_cpu,3,CPU0,"['34', '49', '4', '23', '8', '28', '22', '15', '40', '6', '45', '42', '33', '48', '50', '26', '36', '14', '1', '9', '25', '17', '10', '21']","['37', '43', '29', '32', '11', '38', '39', '7', '35', '2', '16', '19', '30', '46', '27', '41', '44', '5', '31']","['3', '20']","['47', '24']"
684,20 finished CPU → wait queue,cpu_to_io,20,CPU1,"['34', '49', '4', '23', '8', '28', '22', '15', '40', '6', '45', '42', '33', '48', '50', '26', '36', '14', '1', '9', '25', '17', '10', '21']","['37', '43', '29', '32', '11', '38', '39', '7', '35', '2', '16', '19', '30', '46', '27', '41', '44', '5', '31', '20']","['3', None]","['47', '24']"
684,34 dispatched to CPU1,dispatch_cpu,34,CPU1,"['49', '4', '23', '8', '28', '22', '15', '40', '6', '45', '42', '33', '48', '50', '26', '36', '14', '1', '9', '25', '17', '10', '21']","['37', '43', '29', '32', '11', '38', '39', '7', '35', '2', '16', '19', '30', '46', '27', '41', '44', '5', '31', '20']","['3', '34']","['47', '24']"
685,3 finished CPU → wait queue,cpu_to_io,3,CPU0,"['49', '4', '23', '8', '28', '22', '15', '40', '6', '45', '42', '33', '48', '50', '26', '36', '14', '1', '9', '25', '17', '10', '21']","['37', '43', '29', '32', '11', '38', '39', '7', '35', '2', '16', '19', '30', '46', '27', '41', '44', '5', '31', '20', '3']","[None, '34']","['47', '24']"
685,49 dispatched to CPU0,dispatch_cpu,49,CPU0,"['4', '23', '8', '28', '22', '15', '40', '6', '45', '42', '33', '48', '50', '26', '36', '14', '1', '9', '25', '17', '10', '21']","['37', '43', '29', '32', '11', '38', '39', '7', '35', '2', '16', '19', '30', '46', '27', '41', '44', '5', '31', '20', '3']","['49', '34']","['47', '24']"
689,49 finished CPU → ready queue,cpu_to_ready,49,CPU0,"['4', '23', '8', '28', '22', '15', '40', '6', '45', '42', '33', '48', '50', '26', '36', '14', '1', '9', '25', '17', '10', '21', '49']","['37', '43', '29', '32', '11', '38', '39', '7', '35', '2', '16', '19', '30', '46', '27', '41', '44', '5', '31', '20', '3']","[None, '34']","['47', '24']"
689,34 finished CPU → wait queue,cpu_to_io,34,CPU1,"['4', '23', '8', '28', '22', '15', '40', '6', '45', '42', '33', '48', '50', '26', '36', '14', '1', '9', '25', '17', '10', '21', '49']","['37', '43', '29', '32', '11', '38', '39', '7', '35', '2', '16', '19', '30', '46', '27', '41', '44', '5', '31', '20', '3', '34']","[None, None]","['47', '24']"
689,4 dispatched to CPU0,dispatch_cpu,4,CPU0,"['23', '8', '28', '22', '15', '40', '6', '45', '42', '33', '48', '50', '26', '36', '14', '1', '9', '25', '17', '10', '21', '49']","['37', '43', '29', '32', '11', '38', '39', '7', '35', '2', '16', '19', '30', '46', '27', '41', '44', '5', '31', '20', '3', '34']","['4', None]","['47', '24']"
689,23 dispatched to CPU1,dispatch_cpu,23,CPU1,"['8', '28', '22', '15', '40', '6', '45', '42', '33', '48', '50', '26', '36', '14', '1', '9', '25', '17', '10', '21', '49']","['37', '43', '29', '32', '11', '38', '39', '7', '35', '2', '16', '19', '30', '46', '27', '41', '44', '5', '31', '20', '3', '34']","['4', '23']","['47', '24']"
693,23 finished CPU → wait queue,cpu_to_io,23,CPU1,"['8', '28', '22', '15', '40', '6', '45', '42', '33', '48', '50', '26', '36', '14', '1', '9', '25', '17', '10', '21', '49']","['37', '43', '29', '32', '11', '38', '39', '7', '35', '2', '16', '19', '30', '46', '27', '41', '44', '5', '31', '20', '3', '34', '23']","['4', None]","['47', '24']"
693,8 dispatched to CPU1,dispatch_cpu,8,CPU1,"['28', '22', '15', '40', '6', '45', '42', '33', '48', '50', '26', '36', '14', '1', '9', '25', '17', '10', '21', '49']","['37', '43', '29', '32', '11', '38', '39', '7', '35', '2', '16', '19', '30', '46', '27', '41', '44', '5', '31', '20', '3', '34', '23']","['4', '8']","['47', '24']"
694,4 finished CPU → wait queue,cpu_to_io,4,CPU0,"['28', '22', '15', '40', '6', '45', '42', '33', '48', '50', '26', '36', '14', '1', '9', '25', '17', '10', '21', '49']","['37', '43', '29', '32', '11', '38', '39', '7', '35', '2', '16', '19', '30', '46', '27', '41', '44', '5', '31', '20', '3', '34', '23', '4']","[None, '8']","['47', '24']"
694,47 finished I/O → ready queue,io_to_ready,47,IO0,"['28', '22', '15', '40', '6', '45', '42', '33', '48', '50', '26', '36', '14', '1', '9', '25', '17', '10', '21', '49', '47']","['37', '43', '29', '32', '11', '38', '39', '7', '35', '2', '16', '19', '30', '46', '27', '41', '44', '5', '31', '20', '3', '34', '23', '4']","[None, '8']","[None, '24']"
694,28 dispatched to CPU0,dispatch_cpu,28,CPU0,"['22', '15', '40', '6', '45', '42', '33', '48', '50', '26', '36', '14', '1', '9', '25', '17', '10', '21', '49', '47']","['37', '43', '29', '32', '11', '38', '39', '7', '35', '2', '16', '19', '30', '46', '27', '41', '44', '5', '31', '20', '3', '34', '23', '4']","['28', '8']","[None, '24']"
694,37 dispatched to IO0,dispatch_io,37,IO0,"['22', '15', '40', '6', '45', '42', '33', '48', '50', '26', '36', '14', '1', '9', '25', '17', '10', '21', '49', '47']","['43', '29', '32', '11', '38', '39', '7', '35', '2', '16', '19', '30', '46', '27', '41', '44', '5', '31', '20', '3', '34', '23', '4']","['28', '8']","['37', '24']"
696,8 finished CPU → wait queue,cpu_to_io,8,CPU1,"['22', '15', '40', '6', '45', '42', '33', '48', '50', '26', '36', '14', '1', '9', '25', '17', '10', '21', '49', '47']","['43', '29', '32', '11', '38', '39', '7', '35', '2', '16', '19', '30', '46', '27', '41', '44', '5', '31', '20', '3', '34', '23', '4', '8']","['28', None]","['37', '24']"
696,22 dispatched to CPU1,dispatch_cpu,22,CPU1,"['15', '40', '6', '45', '42', '33', '48', '50', '26', '36', '14', '1', '9', '25', '17', '10', '21', '49', '47']","['43', '29', '32', '11', '38', '39', '7', '35', '2', '16', '19', '30', '46', '27', '41', '44', '5', '31', '20', '3', '34', '23', '4', '8']","['28', '22']","['37', '24']"
698,28 finished CPU → wait queue,cpu_to_io,28,CPU0,"['15', '40', '6', '45', '42', '33', '48', '50', '26', '36', '14', '1', '9', '25', '17', '10', '21', '49', '47']","['43', '29', '32', '11', '38', '39', '7', '35', '2', '16', '19', '30', '46', '27', '41', '44', '5', '31', '20', '3', '34', '23', '4', '8', '28']","[None, '22']","['37', '24']"
698,15 dispatched to CPU0,dispatch_cpu,15,CPU0,"['40', '6', '45', '42', '33', '48', '50', '26', '36', '14', '1', '9', '25', '17', '10', '21', '49', '47']","['43', '29', '32', '11', '38', '39', '7', '35', '2', '16', '19', '30', '46', '27', '41', '44', '5', '31', '20', '3', '34', '23', '4', '8', '28']","['15', '22']","['37', '24']"
705,15 finished CPU → ready queue,cpu_to_ready,15,CPU0,"['40', '6', '45', '42', '33', '48', '50', '26', '36', '14', '1', '9', '25', '17', '10', '21', '49', '47', '15']","['43', '29', '32', '11', '38', '39', '7', '35', '2', '16', '19', '30', '46', '27', '41', '44', '5', '31', '20', '3', '34', '23', '4', '8', '28']","[None, '22']","['37', '24']"
705,24 finished I/O → ready queue,io_to_ready,24,IO1,"['40', '6', '45', '42', '33', '48', '50', '26', '36', '14', '1', '9', '25', '17', '10', '21', '49', '47', '15', '24']","['43', '29', '32', '11', '38', '39', '7', '35', '2', '16', '19', '30', '46', '27', '41', '44', '5', '31', '20', '3', '34', '23', '4', '8', '28']","[None, '22']","['37', None]"
705,40 dispatched to CPU0,dispatch_cpu,40,CPU0,"['6', '45', '42', '33', '48', '50', '26', '36', '14', '1', '9', '25', '17', '10', '21', '49', '47', '15', '24']","['43', '29', '32', '11', '38', '39', '7', '35', '2', '16', '19', '30', '46', '27', '41', '44', '5', '31', '20', '3', '34', '23', '4', '8', '28']","['40', '22']","['37', None]"
705,43 dispatched to IO1,dispatch_io,43,IO1,"['6', '45', '42', '33', '48', '50', '26', '36', '14', '1', '9', '25', '17', '10', '21', '49', '47', '15', '24']","['29', '32', '11', '38', '39', '7', '35', '2', '16', '19', '30', '46', '27', '41', '44', '5', '31', '20', '3', '34', '23', '4', '8', '28']","['40', '22']","['37', '43']"
711,43 finished I/O → ready queue,io_to_ready,43,IO1,"['6', '45', '42', '33', '48', '50', '26', '36', '14', '1', '9', '25', '17', '10', '21', '49', '47', '15', '24', '43']","['29', '32', '11', '38', '39', '7', '35', '2', '16', '19', '30', '46', '27', '41', '44', '5', '31', '20', '3', '34', '23', '4', '8', '28']","['40', '22']","['37', None]"
711,29 dispatched to IO1,dispatch_io,29,IO1,"['6', '45', '42', '33', '48', '50', '26', '36', '14', '1', '9', '25', '17', '10', '21', '49', '47', '15', '24', '43']","['32', '11', '38', '39', '7', '35', '2', '16', '19', '30', '46', '27', '41', '44', '5', '31', '20', '3', '34', '23', '4', '8', '28']","['40', '22']","['37', '29']"
712,37 finished I/O → ready queue,io_to_ready,37,IO0,"['6', '45', '42', '33', '48', '50', '26', '36', '14', '1', '9', '25', '17', '10', '21', '49', '47', '15', '24', '43', '37']","['32', '11', '38', '39', '7', '35', '2', '16', '19', '30', '46', '27', '41', '44', '5', '31', '20', '3', '34', '23', '4', '8', '28']","['40', '22']","[None, '29']"
712,32 dispatched to IO0,dispatch_io,32,IO0,"['6', '45', '42', '33', '48', '50', '26', '36', '14', '1', '9', '25', '17', '10', '21', '49', '47', '15', '24', '43', '37']","['11', '38', '39', '7', '35', '2', '16', '19', '30', '46', '27', '41', '44', '5', '31', '20', '3', '34', '23', '4', '8', '28']","['40', '22']","['32', '29']"
713,40 finished CPU → wait queue,cpu_to_io,40,CPU0,"['6', '45', '42', '33', '48', '50', '26', '36', '14', '1', '9', '25', '17', '10', '21', '49', '47', '15', '24', '43', '37']","['11', '38', '39', '7', '35', '2', '16', '19', '30', '46', '27', '41', '44', '5', '31', '20', '3', '34', '23', '4', '8', '28', '40']","[None, '22']","['32', '29']"
713,6 dispatched to CPU0,dispatch_cpu,6,CPU0,"['45', '42', '33', '48', '50', '26', '36', '14', '1', '9', '25', '17', '10', '21', '49', '47', '15', '24', '43', '37']","['11', '38', '39', '7', '35', '2', '16', '19', '30', '46', '27', '41', '44', '5', '31', '20', '3', '34', '23', '4', '8', '28', '40']","['6', '22']","['32', '29']"
714,22 finished CPU → wait queue,cpu_to_io,22,CPU1,"['45', '42', '33', '48', '50', '26', '36', '14', '1', '9', '25', '17', '10', '21', '49', '47', '15', '24', '43', '37']","['11', '38', '39', '7', '35', '2', '16', '19', '30', '46', '27', '41', '44', '5', '31', '20', '3', '34', '23', '4', '8', '28', '40', '22']","['6', None]","['32', '29']"
714,45 dispatched to CPU1,dispatch_cpu,45,CPU1,"['42', '33', '48', '50', '26', '36', '14', '1', '9', '25', '17', '10', '21', '49', '47', '15', '24', '43', '37']","['11', '38', '39', '7', '35', '2', '16', '19', '30', '46', '27', '41', '44', '5', '31', '20', '3', '34', '23', '4', '8', '28', '40', '22']","['6', '45']","['32', '29']"
717,6 finished CPU → wait queue,cpu_to_io,6,CPU0,"['42', '33', '48', '50', '26', '36', '14', '1', '9', '25', '17', '10', '21', '49', '47', '15', '24', '43', '37']","['11', '38', '39', '7', '35', '2', '16', '19', '30', '46', '27', '41', '44', '5', '31', '20', '3', '34', '23', '4', '8', '28', '40', '22', '6']","[None, '45']","['32', '29']"
717,42 dispatched to CPU0,dispatch_cpu,42,CPU0,"['33', '48', '50', '26', '36', '14', '1', '9', '25', '17', '10', '21', '49', '47', '15', '24', '43', '37']","['11', '38', '39', '7', '35', '2', '16', '19', '30', '46', '27', '41', '44', '5', '31', '20', '3', '34', '23', '4', '8', '28', '40', '22', '6']","['42', '45']","['32', '29']"
723,42 finished CPU → wait queue,cpu_to_io,42,CPU0,"['33', '48', '50', '26', '36', '14', '1', '9', '25', '17', '10', '21', '49', '47', '15', '24', '43', '37']","['11', '38', '39', '7', '35', '2', '16', '19', '30', '46', '27', '41', '44', '5', '31', '20', '3', '34', '23', '4', '8', '28', '40', '22', '6', '42']","[None, '45']","['32', '29']"
723,33 dispatched to CPU0,dispatch_cpu,33,CPU0,"['48', '50', '26', '36', '14', '1', '9', '25', '17', '10', '21', '49', '47', '15', '24', '43', '37']","['11', '38', '39', '7', '35', '2', '16', '19', '30', '46', '27', '41', '44', '5', '31', '20', '3', '34', '23', '4', '8', '28', '40', '22', '6', '42']","['33', '45']","['32', '29']"
726,45 finished CPU → wait queue,cpu_to_io,45,CPU1,"['48', '50', '26', '36', '14', '1', '9', '25', '17', '10', '21', '49', '47', '15', '24', '43', '37']","['11', '38', '39', '7', '35', '2', '16', '19', '30', '46', '27', '41', '44', '5', '31', '20', '3', '34', '23', '4', '8', '28', '40', '22', '6', '42', '45']","['33', None]","['32', '29']"
726,48 dispatched to CPU1,dispatch_cpu,48,CPU1,"['50', '26', '36', '14', '1', '9', '25', '17', '10', '21', '49', '47', '15', '24', '43', '37']","['11', '38', '39', '7', '35', '2', '16', '19', '30', '46', '27', '41', '44', '5', '31', '20', '3', '34', '23', '4', '8', '28', '40', '22', '6', '42', '45']","['33', '48']","['32', '29']"
731,48 finished CPU → wait queue,cpu_to_io,48,CPU1,"['50', '26', '36', '14', '1', '9', '25', '17', '10', '21', '49', '47', '15', '24', '43', '37']","['11', '38', '39', '7', '35', '2', '16', '19', '30', '46', '27', '41', '44', '5', '31', '20', '3', '34', '23', '4', '8', '28', '40', '22', '6', '42', '45', '48']","['33', None]","['32', '29']"
731,50 dispatched to CPU1,dispatch_cpu,50,CPU1,"['26', '36', '14', '1', '9', '25', '17', '10', '21', '49', '47', '15', '24', '43', '37']","['11', '38', '39', '7', '35', '2', '16', '19', '30', '46', '27', '41', '44', '5', '31', '20', '3', '34', '23', '4', '8', '28', '40', '22', '6', '42', '45', '48']","['33', '50']","['32', '29']"
735,32 finished I/O → ready queue,io_to_ready,32,IO0,"['26', '36', '14', '1', '9', '25', '17', '10', '21', '49', '47', '15', '24', '43', '37', '32']","['11', '38', '39', '7', '35', '2', '16', '19', '30', '46', '27', '41', '44', '5', '31', '20', '3', '34', '23', '4', '8', '28', '40', '22', '6', '42', '45', '48']","['33', '50']","[None, '29']"
735,11 dispatched to IO0,dispatch_io,11,IO0,"['26', '36', '14', '1', '9', '25', '17', '10', '21', '49', '47', '15', '24', '43', '37', '32']","['38', '39', '7', '35', '2', '16', '19', '30', '46', '27', '41', '44', '5', '31', '20', '3', '34', '23', '4', '8', '28', '40', '22', '6', '42', '45', '48']","['33', '50']","['11', '29']"
736,33 finished CPU → wait queue,cpu_to_io,33,CPU0,"['26', '36', '14', '1', '9', '25', '17', '10', '21', '49', '47', '15', '24', '43', '37', '32']","['38', '39', '7', '35', '2', '16', '19', '30', '46', '27', '41', '44', '5', '31', '20', '3', '34', '23', '4', '8', '28', '40', '22', '6', '42', '45', '48', '33']","[None, '50']","['11', '29']"
736,29 finished I/O → ready queue,io_to_ready,29,IO1,"['26', '36', '14', '1', '9', '25', '17', '10', '21', '49', '47', '15', '24', '43', '37', '32', '29']","['38', '39', '7', '35', '2', '16', '19', '30', '46', '27', '41', '44', '5', '31', '20', '3', '34', '23', '4', '8', '28', '40', '22', '6', '42', '45', '48', '33']","[None, '50']","['11', None]"
736,26 dispatched to CPU0,dispatch_cpu,26,CPU0,"['36', '14', '1', '9', '25', '17', '10', '21', '49', '47', '15', '24', '43', '37', '32', '29']","['38', '39', '7', '35', '2', '16', '19', '30', '46', '27', '41', '44', '5', '31', '20', '3', '34', '23', '4', '8', '28', '40', '22', '6', '42', '45', '48', '33']","['26', '50']","['11', None]"
736,38 dispatched to IO1,dispatch_io,38,IO1,"['36', '14', '1', '9', '25', '17', '10', '21', '49', '47', '15', '24', '43', '37', '32', '29']","['39', '7', '35', '2', '16', '19', '30', '46', '27', '41', '44', '5', '31', '20', '3', '34', '23', '4', '8', '28', '40', '22', '6', '42', '45', '48', '33']","['26', '50']","['11', '38']"
737,50 finished CPU → ready queue,cpu_to_ready,50,CPU1,"['36', '14', '1', '9', '25', '17', '10', '21', '49', '47', '15', '24', '43', '37', '32', '29', '50']","['39', '7', '35', '2', '16', '19', '30', '46', '27', '41', '44', '5', '31', '20', '3', '34', '23', '4', '8', '28', '40', '22', '6', '42', '45', '48', '33']","['26', None]","['11', '38']"
737,36 dispatched to CPU1,dispatch_cpu,36,CPU1,"['14', '1', '9', '25', '17', '10', '21', '49', '47', '15', '24', '43', '37', '32', '29', '50']","['39', '7', '35', '2', '16', '19', '30', '46', '27', '41', '44', '5', '31', '20', '3', '34', '23', '4', '8', '28', '40', '22', '6', '42', '45', '48', '33']","['26', '36']","['11', '38']"
740,36 finished CPU → ready queue,cpu_to_ready,36,CPU1,"['14', '1', '9', '25', '17', '10', '21', '49', '47', '15', '24', '43', '37', '32', '29', '50', '36']","['39', '7', '35', '2', '16', '19', '30', '46', '27', '41', '44', '5', '31', '20', '3', '34', '23', '4', '8', '28', '40', '22', '6', '42', '45', '48', '33']","['26', None]","['11', '38']"
740,14 dispatched to CPU1,dispatch_cpu,14,CPU1,"['1', '9', '25', '17', '10', '21', '49', '47', '15', '24', '43', '37', '32', '29', '50', '36']","['39', '7', '35', '2', '16', '19', '30', '46', '27', '41', '44', '5', '31', '20', '3', '34', '23', '4', '8', '28', '40', '22', '6', '42', '45', '48', '33']","['26', '14']","['11', '38']"
747,26 finished CPU → ready queue,cpu_to_ready,26,CPU0,"['1', '9', '25', '17', '10', '21', '49', '47', '15', '24', '43', '37', '32', '29', '50', '36', '26']","['39', '7', '35', '2', '16', '19', '30', '46', '27', '41', '44', '5', '31', '20', '3', '34', '23', '4', '8', '28', '40', '22', '6', '42', '45', '48', '33']","[None, '14']","['11', '38']"
747,1 dispatched to CPU0,dispatch_cpu,1,CPU0,"['9', '25', '17', '10', '21', '49', '47', '15', '24', '43', '37', '32', '29', '50', '36', '26']","['39', '7', '35', '2', '16', '19', '30', '46', '27', '41', '44', '5', '31', '20', '3', '34', '23', '4', '8', '28', '40', '22', '6', '42', '45', '48', '33']","['1', '14']","['11', '38']"
754,14 finished CPU → ready queue,cpu_to_ready,14,CPU1,"['9', '25', '17', '10', '21', '49', '47', '15', '24', '43', '37', '32', '29', '50', '36', '26', '14']","['39', '7', '35', '2', '16', '19', '30', '46', '27', '41', '44', '5', '31', '20', '3', '34', '23', '4', '8', '28', '40', '22', '6', '42', '45', '48', '33']","['1', None]","['11', '38']"
754,9 dispatched to CPU1,dispatch_cpu,9,CPU1,"['25', '17', '10', '21', '49', '47', '15', '24', '43', '37', '32', '29', '50', '36', '26', '14']","['39', '7', '35', '2', '16', '19', '30', '46', '27', '41', '44', '5', '31', '20', '3', '34', '23', '4', '8', '28', '40', '22', '6', '42', '45', '48', '33']","['1', '9']","['11', '38']"
756,1 finished CPU → wait queue,cpu_to_io,1,CPU0,"['25', '17', '10', '21', '49', '47', '15', '24', '43', '37', '32', '29', '50', '36', '26', '14']","['39', '7', '35', '2', '16', '19', '30', '46', '27', '41', '44', '5', '31', '20', '3', '34', '23', '4', '8', '28', '40', '22', '6', '42', '45', '48', '33', '1']","[None, '9']","['11', '38']"
756,11 finished I/O → ready queue,io_to_ready,11,IO0,"['25', '17', '10', '21', '49', '47', '15', '24', '43', '37', '32', '29', '50', '36', '26', '14', '11']","['39', '7', '35', '2', '16', '19', '30', '46', '27', '41', '44', '5', '31', '20', '3', '34', '23', '4', '8', '28', '40', '22', '6', '42', '45', '48', '33', '1']","[None, '9']","[None, '38']"
756,25 dispatched to CPU0,dispatch_cpu,25,CPU0,"['17', '10', '21', '49', '47', '15', '24', '43', '37', '32', '29', '50', '36', '26', '14', '11']","['39', '7', '35', '2', '16', '19', '30', '46', '27', '41', '44', '5', '31', '20', '3', '34', '23', '4', '8', '28', '40', '22', '6', '42', '45', '48', '33', '1']","['25', '9']","[None, '38']"
756,39 dispatched to IO0,dispatch_io,39,IO0,"['17', '10', '21', '49', '47', '15', '24', '43', '37', '32', '29', '50', '36', '26', '14', '11']","['7', '35', '2', '16', '19', '30', '46', '27', '41', '44', '5', '31', '20', '3', '34', '23', '4', '8', '28', '40', '22', '6', '42', '45', '48', '33', '1']","['25', '9']","['39', '38']"
763,25 finished CPU → ready queue,cpu_to_ready,25,CPU0,"['17', '10', '21', '49', '47', '15', '24', '43', '37', '32', '29', '50', '36', '26', '14', '11', '25']","['7', '35', '2', '16', '19', '30', '46', '27', '41', '44', '5', '31', '20', '3', '34', '23', '4', '8', '28', '40', '22', '6', '42', '45', '48', '33', '1']","[None, '9']","['39', '38']"
763,17 dispatched to CPU0,dispatch_cpu,17,CPU0,"['10', '21', '49', '47', '15', '24', '43', '37', '32', '29', '50', '36', '26', '14', '11', '25']","['7', '35', '2', '16', '19', '30', '46', '27', '41', '44', '5', '31', '20', '3', '34', '23', '4', '8', '28', '40', '22', '6', '42', '45', '48', '33', '1']","['17', '9']","['39', '38']"
765,9 finished CPU → wait queue,cpu_to_io,9,CPU1,"['10', '21', '49', '47', '15', '24', '43', '37', '32', '29', '50', '36', '26', '14', '11', '25']","['7', '35', '2', '16', '19', '30', '46', '27', '41', '44', '5', '31', '20', '3', '34', '23', '4', '8', '28', '40', '22', '6', '42', '45', '48', '33', '1', '9']","['17', None]","['39', '38']"
765,38 finished I/O → ready queue,io_to_ready,38,IO1,"['10', '21', '49', '47', '15', '24', '43', '37', '32', '29', '50', '36', '26', '14', '11', '25', '38']","['7', '35', '2', '16', '19', '30', '46', '27', '41', '44', '5', '31', '20', '3', '34', '23', '4', '8', '28', '40', '22', '6', '42', '45', '48', '33', '1', '9']","['17', None]","['39', None]"
765,10 dispatched to CPU1,dispatch_cpu,10,CPU1,"['21', '49', '47', '15', '24', '43', '37', '32', '29', '50', '36', '26', '14', '11', '25', '38']","['7', '35', '2', '16', '19', '30', '46', '27', '41', '44', '5', '31', '20', '3', '34', '23', '4', '8', '28', '40', '22', '6', '42', '45', '48', '33', '1', '9']","['17', '10']","['39', None]"
765,7 dispatched to IO1,dispatch_io,7,IO1,"['21', '49', '47', '15', '24', '43', '37', '32', '29', '50', '36', '26', '14', '11', '25', '38']","['35', '2', '16', '19', '30', '46', '27', '41', '44', '5', '31', '20', '3', '34', '23', '4', '8', '28', '40', '22', '6', '42', '45', '48', '33', '1', '9']","['17', '10']","['39', '7']"
768,10 finished CPU → ready queue,cpu_to_ready,10,CPU1,"['21', '49', '47', '15', '24', '43', '37', '32', '29', '50', '36', '26', '14', '11', '25', '38', '10']","['35', '2', '16', '19', '30', '46', '27', '41', '44', '5', '31', '20', '3', '34', '23', '4', '8', '28', '40', '22', '6', '42', '45', '48', '33', '1', '9']","['17', None]","['39', '7']"
768,21 dispatched to CPU1,dispatch_cpu,21,CPU1,"['49', '47', '15', '24', '43', '37', '32', '29', '50', '36', '26', '14', '11', '25', '38', '10']","['35', '2', '16', '19', '30', '46', '27', '41', '44', '5', '31', '20', '3', '34', '23', '4', '8', '28', '40', '22', '6', '42', '45', '48', '33', '1', '9']","['17', '21']","['39', '7']"
769,17 finished CPU → wait queue,cpu_to_io,17,CPU0,"['49', '47', '15', '24', '43', '37', '32', '29', '50', '36', '26', '14', '11', '25', '38', '10']","['35', '2', '16', '19', '30', '46', '27', '41', '44', '5', '31', '20', '3', '34', '23', '4', '8', '28', '40', '22', '6', '42', '45', '48', '33', '1', '9', '17']","[None, '21']","['39', '7']"
769,49 dispatched to CPU0,dispatch_cpu,49,CPU0,"['47', '15', '24', '43', '37', '32', '29', '50', '36', '26', '14', '11', '25', '38', '10']","['35', '2', '16', '19', '30', '46', '27', '41', '44', '5', '31', '20', '3', '34', '23', '4', '8', '28', '40', '22', '6', '42', '45', '48', '33', '1', '9', '17']","['49', '21']","['39', '7']"
772,21 finished CPU → wait queue,cpu_to_io,21,CPU1,"['47', '15', '24', '43', '37', '32', '29', '50', '36', '26', '14', '11', '25', '38', '10']","['35', '2', '16', '19', '30', '46', '27', '41', '44', '5', '31', '20', '3', '34', '23', '4', '8', '28', '40', '22', '6', '42', '45', '48', '33', '1', '9', '17', '21']","['49', None]","['39', '7']"
772,47 dispatched to CPU1,dispatch_cpu,47,CPU1,"['15', '24', '43', '37', '32', '29', '50', '36', '26', '14', '11', '25', '38', '10']","['35', '2', '16', '19', '30', '46', '27', '41', '44', '5', '31', '20', '3', '34', '23', '4', '8', '28', '40', '22', '6', '42', '45', '48', '33', '1', '9', '17', '21']","['49', '47']","['39', '7']"
773,49 finished CPU → ready queue,cpu_to_ready,49,CPU0,"['15', '24', '43', '37', '32', '29', '50', '36', '26', '14', '11', '25', '38', '10', '49']","['35', '2', '16', '19', '30', '46', '27', '41', '44', '5', '31', '20', '3', '34', '23', '4', '8', '28', '40', '22', '6', '42', '45', '48', '33', '1', '9', '17', '21']","[None, '47']","['39', '7']"
773,39 finished I/O → ready queue,io_to_ready,39,IO0,"['15', '24', '43', '37', '32', '29', '50', '36', '26', '14', '11', '25', '38', '10', '49', '39']","['35', '2', '16', '19', '30', '46', '27', '41', '44', '5', '31', '20', '3', '34', '23', '4', '8', '28', '40', '22', '6', '42', '45', '48', '33', '1', '9', '17', '21']","[None, '47']","[None, '7']"
773,15 dispatched to CPU0,dispatch_cpu,15,CPU0,"['24', '43', '37', '32', '29', '50', '36', '26', '14', '11', '25', '38', '10', '49', '39']","['35', '2', '16', '19', '30', '46', '27', '41', '44', '5', '31', '20', '3', '34', '23', '4', '8', '28', '40', '22', '6', '42', '45', '48', '33', '1', '9', '17', '21']","['15', '47']","[None, '7']"
773,35 dispatched to IO0,dispatch_io,35,IO0,"['24', '43', '37', '32', '29', '50', '36', '26', '14', '11', '25', '38', '10', '49', '39']","['2', '16', '19', '30', '46', '27', '41', '44', '5', '31', '20', '3', '34', '23', '4', '8', '28', '40', '22', '6', '42', '45', '48', '33', '1', '9', '17', '21']","['15', '47']","['35', '7']"
775,47 finished CPU → ready queue,cpu_to_ready,47,CPU1,"['24', '43', '37', '32', '29', '50', '36', '26', '14', '11', '25', '38', '10', '49', '39', '47']","['2', '16', '19', '30', '46', '27', '41', '44', '5', '31', '20', '3', '34', '23', '4', '8', '28', '40', '22', '6', '42', '45', '48', '33', '1', '9', '17', '21']","['15', None]","['35', '7']"
775,24 dispatched to CPU1,dispatch_cpu,24,CPU1,"['43', '37', '32', '29', '50', '36', '26', '14', '11', '25', '38', '10', '49', '39', '47']","['2', '16', '19', '30', '46', '27', '41', '44', '5', '31', '20', '3', '34', '23', '4', '8', '28', '40', '22', '6', '42', '45', '48', '33', '1', '9', '17', '21']","['15', '24']","['35', '7']"
777,15 finished CPU → ready queue,cpu_to_ready,15,CPU0,"['43', '37', '32', '29', '50', '36', '26', '14', '11', '25', '38', '10', '49', '39', '47', '15']","['2', '16', '19', '30', '46', '27', '41', '44', '5', '31', '20', '3', '34', '23', '4', '8', '28', '40', '22', '6', '42', '45', '48', '33', '1', '9', '17', '21']","[None, '24']","['35', '7']"
777,7 finished I/O → ready queue,io_to_ready,7,IO1,"['43', '37', '32', '29', '50', '36', '26', '14', '11', '25', '38', '10', '49', '39', '47', '15', '7']","['2', '16', '19', '30', '46', '27', '41', '44', '5', '31', '20', '3', '34', '23', '4', '8', '28', '40', '22', '6', '42', '45', '48', '33', '1', '9', '17', '21']","[None, '24']","['35', None]"
777,43 dispatched to CPU0,dispatch_cpu,43,CPU0,"['37', '32', '29', '50', '36', '26', '14', '11', '25', '38', '10', '49', '39', '47', '15', '7']","['2', '16', '19', '30', '46', '27', '41', '44', '5', '31', '20', '3', '34', '23', '4', '8', '28', '40', '22', '6', '42', '45', '48', '33', '1', '9', '17', '21']","['43', '24']","['35', None]"
777,2 dispatched to IO1,dispatch_io,2,IO1,"['37', '32', '29', '50', '36', '26', '14', '11', '25', '38', '10', '49', '39', '47', '15', '7']","['16', '19', '30', '46', '27', '41', '44', '5', '31', '20', '3', '34', '23', '4', '8', '28', '40', '22', '6', '42', '45', '48', '33', '1', '9', '17', '21']","['43', '24']","['35', '2']"
779,43 finished CPU → ready queue,cpu_to_ready,43,CPU0,"['37', '32', '29', '50', '36', '26', '14', '11', '25', '38', '10', '49', '39', '47', '15', '7', '43']","['16', '19', '30', '46', '27', '41', '44', '5', '31', '20', '3', '34', '23', '4', '8', '28', '40', '22', '6', '42', '45', '48', '33', '1', '9', '17', '21']","[None, '24']","['35', '2']"
779,37 dispatched to CPU0,dispatch_cpu,37,CPU0,"['32', '29', '50', '36', '26', '14', '11', '25', '38', '10', '49', '39', '47', '15', '7', '43']","['16', '19', '30', '46', '27', '41', '44', '5', '31', '20', '3', '34', '23', '4', '8', '28', '40', '22', '6', '42', '45', '48', '33', '1', '9', '17', '21']","['37', '24']","['35', '2']"
784,24 finished CPU → wait queue,cpu_to_io,24,CPU1,"['32', '29', '50', '36', '26', '14', '11', '25', '38', '10', '49', '39', '47', '15', '7', '43']","['16', '19', '30', '46', '27', '41', '44', '5', '31', '20', '3', '34', '23', '4', '8', '28', '40', '22', '6', '42', '45', '48', '33', '1', '9', '17', '21', '24']","['37', None]","['35', '2']"
784,32 dispatched to CPU1,dispatch_cpu,32,CPU1,"['29', '50', '36', '26', '14', '11', '25', '38', '10', '49', '39', '47', '15', '7', '43']","['16', '19', '30', '46', '27', '41', '44', '5', '31', '20', '3', '34', '23', '4', '8', '28', '40', '22', '6', '42', '45', '48', '33', '1', '9', '17', '21', '24']","['37', '32']","['35', '2']"
785,35 finished I/O → ready queue,io_to_ready,35,IO0,"['29', '50', '36', '26', '14', '11', '25', '38', '10', '49', '39', '47', '15', '7', '43', '35']","['16', '19', '30', '46', '27', '41', '44', '5', '31', '20', '3', '34', '23', '4', '8', '28', '40', '22', '6', '42', '45', '48', '33', '1', '9', '17', '21', '24']","['37', '32']","[None, '2']"
785,16 dispatched to IO0,dispatch_io,16,IO0,"['29', '50', '36', '26', '14', '11', '25', '38', '10', '49', '39', '47', '15', '7', '43', '35']","['19', '30', '46', '27', '41', '44', '5', '31', '20', '3', '34', '23', '4', '8', '28', '40', '22', '6', '42', '45', '48', '33', '1', '9', '17', '21', '24']","['37', '32']","['16', '2']"
787,32 finished CPU → ready queue,cpu_to_ready,32,CPU1,"['29', '50', '36', '26', '14', '11', '25', '38', '10', '49', '39', '47', '15', '7', '43', '35', '32']","['19', '30', '46', '27', '41', '44', '5', '31', '20', '3', '34', '23', '4', '8', '28', '40', '22', '6', '42', '45', '48', '33', '1', '9', '17', '21', '24']","['37', None]","['16', '2']"
787,29 dispatched to CPU1,dispatch_cpu,29,CPU1,"['50', '36', '26', '14', '11', '25', '38', '10', '49', '39', '47', '15', '7', '43', '35', '32']","['19', '30', '46', '27', '41', '44', '5', '31', '20', '3', '34', '23', '4', '8', '28', '40', '22', '6', '42', '45', '48', '33', '1', '9', '17', '21', '24']","['37', '29']","['16', '2']"
794,37 finished CPU → wait queue,cpu_to_io,37,CPU0,"['50', '36', '26', '14', '11', '25', '38', '10', '49', '39', '47', '15', '7', '43', '35', '32']","['19', '30', '46', '27', '41', '44', '5', '31', '20', '3', '34', '23', '4', '8', '28', '40', '22', '6', '42', '45', '48', '33', '1', '9', '17', '21', '24', '37']","[None, '29']","['16', '2']"
794,50 dispatched to CPU0,dispatch_cpu,50,CPU0,"['36', '26', '14', '11', '25', '38', '10', '49', '39', '47', '15', '7', '43', '35', '32']","['19', '30', '46', '27', '41', '44', '5', '31', '20', '3', '34', '23', '4', '8', '28', '40', '22', '6', '42', '45', '48', '33', '1', '9', '17', '21', '24', '37']","['50', '29']","['16', '2']"
795,16 finished I/O → ready queue,io_to_ready,16,IO0,"['36', '26', '14', '11', '25', '38', '10', '49', '39', '47', '15', '7', '43', '35', '32', '16']","['19', '30', '46', '27', '41', '44', '5', '31', '20', '3', '34', '23', '4', '8', '28', '40', '22', '6', '42', '45', '48', '33', '1', '9', '17', '21', '24', '37']","['50', '29']","[None, '2']"
795,19 dispatched to IO0,dispatch_io,19,IO0,"['36', '26', '14', '11', '25', '38', '10', '49', '39', '47', '15', '7', '43', '35', '32', '16']","['30', '46', '27', '41', '44', '5', '31', '20', '3', '34', '23', '4', '8', '28', '40', '22', '6', '42', '45', '48', '33', '1', '9', '17', '21', '24', '37']","['50', '29']","['19', '2']"
799,29 finished CPU → ready queue,cpu_to_ready,29,CPU1,"['36', '26', '14', '11', '25', '38', '10', '49', '39', '47', '15', '7', '43', '35', '32', '16', '29']","['30', '46', '27', '41', '44', '5', '31', '20', '3', '34', '23', '4', '8', '28', '40', '22', '6', '42', '45', '48', '33', '1', '9', '17', '21', '24', '37']","['50', None]","['19', '2']"
799,36 dispatched to CPU1,dispatch_cpu,36,CPU1,"['26', '14', '11', '25', '38', '10', '49', '39', '47', '15', '7', '43', '35', '32', '16', '29']","['30', '46', '27', '41', '44', '5', '31', '20', '3', '34', '23', '4', '8', '28', '40', '22', '6', '42', '45', '48', '33', '1', '9', '17', '21', '24', '37']","['50', '36']","['19', '2']"
800,2 finished I/O → ready queue,io_to_ready,2,IO1,"['26', '14', '11', '25', '38', '10', '49', '39', '47', '15', '7', '43', '35', '32', '16', '29', '2']","['30', '46', '27', '41', '44', '5', '31', '20', '3', '34', '23', '4', '8', '28', '40', '22', '6', '42', '45', '48', '33', '1', '9', '17', '21', '24', '37']","['50', '36']","['19', None]"
800,30 dispatched to IO1,dispatch_io,30,IO1,"['26', '14', '11', '25', '38', '10', '49', '39', '47', '15', '7', '43', '35', '32', '16', '29', '2']","['46', '27', '41', '44', '5', '31', '20', '3', '34', '23', '4', '8', '28', '40', '22', '6', '42', '45', '48', '33', '1', '9', '17', '21', '24', '37']","['50', '36']","['19', '30']"
802,50 finished CPU → ready queue,cpu_to_ready,50,CPU0,"['26', '14', '11', '25', '38', '10', '49', '39', '47', '15', '7', '43', '35', '32', '16', '29', '2', '50']","['46', '27', '41', '44', '5', '31', '20', '3', '34', '23', '4', '8', '28', '40', '22', '6', '42', '45', '48', '33', '1', '9', '17', '21', '24', '37']","[None, '36']","['19', '30']"
802,26 dispatched to CPU0,dispatch_cpu,26,CPU0,"['14', '11', '25', '38', '10', '49', '39', '47', '15', '7', '43', '35', '32', '16', '29', '2', '50']","['46', '27', '41', '44', '5', '31', '20', '3', '34', '23', '4', '8', '28', '40', '22', '6', '42', '45', '48', '33', '1', '9', '17', '21', '24', '37']","['26', '36']","['19', '30']"
810,26 finished CPU → ready queue,cpu_to_ready,26,CPU0,"['14', '11', '25', '38', '10', '49', '39', '47', '15', '7', '43', '35', '32', '16', '29', '2', '50', '26']","['46', '27', '41', '44', '5', '31', '20', '3', '34', '23', '4', '8', '28', '40', '22', '6', '42', '45', '48', '33', '1', '9', '17', '21', '24', '37']","[None, '36']","['19', '30']"
810,14 dispatched to CPU0,dispatch_cpu,14,CPU0,"['11', '25', '38', '10', '49', '39', '47', '15', '7', '43', '35', '32', '16', '29', '2', '50', '26']","['46', '27', '41', '44', '5', '31', '20', '3', '34', '23', '4', '8', '28', '40', '22', '6', '42', '45', '48', '33', '1', '9', '17', '21', '24', '37']","['14', '36']","['19', '30']"
811,36 finished CPU → ready queue,cpu_to_ready,36,CPU1,"['11', '25', '38', '10', '49', '39', '47', '15', '7', '43', '35', '32', '16', '29', '2', '50', '26', '36']","['46', '27', '41', '44', '5', '31', '20', '3', '34', '23', '4', '8', '28', '40', '22', '6', '42', '45', '48', '33', '1', '9', '17', '21', '24', '37']","['14', None]","['19', '30']"
811,11 dispatched to CPU1,dispatch_cpu,11,CPU1,"['25', '38', '10', '49', '39', '47', '15', '7', '43', '35', '32', '16', '29', '2', '50', '26', '36']","['46', '27', '41', '44', '5', '31', '20', '3', '34', '23', '4', '8', '28', '40', '22', '6', '42', '45', '48', '33', '1', '9', '17', '21', '24', '37']","['14', '11']","['19', '30']"
815,14 finished CPU → ready queue,cpu_to_ready,14,CPU0,"['25', '38', '10', '49', '39', '47', '15', '7', '43', '35', '32', '16', '29', '2', '50', '26', '36', '14']","['46', '27', '41', '44', '5', '31', '20', '3', '34', '23', '4', '8', '28', '40', '22', '6', '42', '45', '48', '33', '1', '9', '17', '21', '24', '37']","[None, '11']","['19', '30']"
815,25 dispatched to CPU0,dispatch_cpu,25,CPU0,"['38', '10', '49', '39', '47', '15', '7', '43', '35', '32', '16', '29', '2', '50', '26', '36', '14']","['46', '27', '41', '44', '5', '31', '20', '3', '34', '23', '4', '8', '28', '40', '22', '6', '42', '45', '48', '33', '1', '9', '17', '21', '24', '37']","['25', '11']","['19', '30']"
816,11 finished CPU → ready queue,cpu_to_ready,11,CPU1,"['38', '10', '49', '39', '47', '15', '7', '43', '35', '32', '16', '29', '2', '50', '26', '36', '14', '11']","['46', '27', '41', '44', '5', '31', '20', '3', '34', '23', '4', '8', '28', '40', '22', '6', '42', '45', '48', '33', '1', '9', '17', '21', '24', '37']","['25', None]","['19', '30']"
816,38 dispatched to CPU1,dispatch_cpu,38,CPU1,"['10', '49', '39', '47', '15', '7', '43', '35', '32', '16', '29', '2', '50', '26', '36', '14', '11']","['46', '27', '41', '44', '5', '31', '20', '3', '34', '23', '4', '8', '28', '40', '22', '6', '42', '45', '48', '33', '1', '9', '17', '21', '24', '37']","['25', '38']","['19', '30']"
818,25 finished CPU → ready queue,cpu_to_ready,25,CPU0,"['10', '49', '39', '47', '15', '7', '43', '35', '32', '16', '29', '2', '50', '26', '36', '14', '11', '25']","['46', '27', '41', '44', '5', '31', '20', '3', '34', '23', '4', '8', '28', '40', '22', '6', '42', '45', '48', '33', '1', '9', '17', '21', '24', '37']","[None, '38']","['19', '30']"
818,10 dispatched to CPU0,dispatch_cpu,10,CPU0,"['49', '39', '47', '15', '7', '43', '35', '32', '16', '29', '2', '50', '26', '36', '14', '11', '25']","['46', '27', '41', '44', '5', '31', '20', '3', '34', '23', '4', '8', '28', '40', '22', '6', '42', '45', '48', '33', '1', '9', '17', '21', '24', '37']","['10', '38']","['19', '30']"
819,19 finished I/O → ready queue,io_to_ready,19,IO0,"['49', '39', '47', '15', '7', '43', '35', '32', '16', '29', '2', '50', '26', '36', '14', '11', '25', '19']","['46', '27', '41', '44', '5', '31', '20', '3', '34', '23', '4', '8', '28', '40', '22', '6', '42', '45', '48', '33', '1', '9', '17', '21', '24', '37']","['10', '38']","[None, '30']"
819,30 finished I/O → ready queue,io_to_ready,30,IO1,"['49', '39', '47', '15', '7', '43', '35', '32', '16', '29', '2', '50', '26', '36', '14', '11', '25', '19', '30']","['46', '27', '41', '44', '5', '31', '20', '3', '34', '23', '4', '8', '28', '40', '22', '6', '42', '45', '48', '33', '1', '9', '17', '21', '24', '37']","['10', '38']","[None, None]"
819,46 dispatched to IO0,dispatch_io,46,IO0,"['49', '39', '47', '15', '7', '43', '35', '32', '16', '29', '2', '50', '26', '36', '14', '11', '25', '19', '30']","['27', '41', '44', '5', '31', '20', '3', '34', '23', '4', '8', '28', '40', '22', '6', '42', '45', '48', '33', '1', '9', '17', '21', '24', '37']","['10', '38']","['46', None]"
819,27 dispatched to IO1,dispatch_io,27,IO1,"['49', '39', '47', '15', '7', '43', '35', '32', '16', '29', '2', '50', '26', '36', '14', '11', '25', '19', '30']","['41', '44', '5', '31', '20', '3', '34', '23', '4', '8', '28', '40', '22', '6', '42', '45', '48', '33', '1', '9', '17', '21', '24', '37']","['10', '38']","['46', '27']"
821,38 finished CPU → wait queue,cpu_to_io,38,CPU1,"['49', '39', '47', '15', '7', '43', '35', '32', '16', '29', '2', '50', '26', '36', '14', '11', '25', '19', '30']","['41', '44', '5', '31', '20', '3', '34', '23', '4', '8', '28', '40', '22', '6', '42', '45', '48', '33', '1', '9', '17', '21', '24', '37', '38']","['10', None]","['46', '27']"
821,49 dispatched to CPU1,dispatch_cpu,49,CPU1,"['39', '47', '15', '7', '43', '35', '32', '16', '29', '2', '50', '26', '36', '14', '11', '25', '19', '30']","['41', '44', '5', '31', '20', '3', '34', '23', '4', '8', '28', '40', '22', '6', '42', '45', '48', '33', '1', '9', '17', '21', '24', '37', '38']","['10', '49']","['46', '27']"
823,49 finished CPU → ready queue,cpu_to_ready,49,CPU1,"['39', '47', '15', '7', '43', '35', '32', '16', '29', '2', '50', '26', '36', '14', '11', '25', '19', '30', '49']","['41', '44', '5', '31', '20', '3', '34', '23', '4', '8', '28', '40', '22', '6', '42', '45', '48', '33', '1', '9', '17', '21', '24', '37', '38']","['10', None]","['46', '27']"
823,39 dispatched to CPU1,dispatch_cpu,39,CPU1,"['47', '15', '7', '43', '35', '32', '16', '29', '2', '50', '26', '36', '14', '11', '25', '19', '30', '49']","['41', '44', '5', '31', '20', '3', '34', '23', '4', '8', '28', '40', '22', '6', '42', '45', '48', '33', '1', '9', '17', '21', '24', '37', '38']","['10', '39']","['46', '27']"
824,27 finished I/O → ready queue,io_to_ready,27,IO1,"['47', '15', '7', '43', '35', '32', '16', '29', '2', '50', '26', '36', '14', '11', '25', '19', '30', '49', '27']","['41', '44', '5', '31', '20', '3', '34', '23', '4', '8', '28', '40', '22', '6', '42', '45', '48', '33', '1', '9', '17', '21', '24', '37', '38']","['10', '39']","['46', None]"
824,41 dispatched to IO1,dispatch_io,41,IO1,"['47', '15', '7', '43', '35', '32', '16', '29', '2', '50', '26', '36', '14', '11', '25', '19', '30', '49', '27']","['44', '5', '31', '20', '3', '34', '23', '4', '8', '28', '40', '22', '6', '42', '45', '48', '33', '1', '9', '17', '21', '24', '37', '38']","['10', '39']","['46', '41']"
826,10 finished CPU → wait queue,cpu_to_io,10,CPU0,"['47', '15', '7', '43', '35', '32', '16', '29', '2', '50', '26', '36', '14', '11', '25', '19', '30', '49', '27']","['44', '5', '31', '20', '3', '34', '23', '4', '8', '28', '40', '22', '6', '42', '45', '48', '33', '1', '9', '17', '21', '24', '37', '38', '10']","[None, '39']","['46', '41']"
826,47 dispatched to CPU0,dispatch_cpu,47,CPU0,"['15', '7', '43', '35', '32', '16', '29', '2', '50', '26', '36', '14', '11', '25', '19', '30', '49', '27']","['44', '5', '31', '20', '3', '34', '23', '4', '8', '28', '40', '22', '6', '42', '45', '48', '33', '1', '9', '17', '21', '24', '37', '38', '10']","['47', '39']","['46', '41']"
827,39 finished CPU → wait queue,cpu_to_io,39,CPU1,"['15', '7', '43', '35', '32', '16', '29', '2', '50', '26', '36', '14', '11', '25', '19', '30', '49', '27']","['44', '5', '31', '20', '3', '34', '23', '4', '8', '28', '40', '22', '6', '42', '45', '48', '33', '1', '9', '17', '21', '24', '37', '38', '10', '39']","['47', None]","['46', '41']"
827,15 dispatched to CPU1,dispatch_cpu,15,CPU1,"['7', '43', '35', '32', '16', '29', '2', '50', '26', '36', '14', '11', '25', '19', '30', '49', '27']","['44', '5', '31', '20', '3', '34', '23', '4', '8', '28', '40', '22', '6', '42', '45', '48', '33', '1', '9', '17', '21', '24', '37', '38', '10', '39']","['47', '15']","['46', '41']"
831,47 finished CPU → ready queue,cpu_to_ready,47,CPU0,"['7', '43', '35', '32', '16', '29', '2', '50', '26', '36', '14', '11', '25', '19', '30', '49', '27', '47']","['44', '5', '31', '20', '3', '34', '23', '4', '8', '28', '40', '22', '6', '42', '45', '48', '33', '1', '9', '17', '21', '24', '37', '38', '10', '39']","[None, '15']","['46', '41']"
831,7 dispatched to CPU0,dispatch_cpu,7,CPU0,"['43', '35', '32', '16', '29', '2', '50', '26', '36', '14', '11', '25', '19', '30', '49', '27', '47']","['44', '5', '31', '20', '3', '34', '23', '4', '8', '28', '40', '22', '6', '42', '45', '48', '33', '1', '9', '17', '21', '24', '37', '38', '10', '39']","['7', '15']","['46', '41']"
833,15 finished all bursts,finished,15,CPU1,"['43', '35', '32', '16', '29', '2', '50', '26', '36', '14', '11', '25', '19', '30', '49', '27', '47']","['44', '5', '31', '20', '3', '34', '23', '4', '8', '28', '40', '22', '6', '42', '45', '48', '33', '1', '9', '17', '21', '24', '37', '38', '10', '39']","['7', None]","['46', '41']"
833,43 dispatched to CPU1,dispatch_cpu,43,CPU1,"['35', '32', '16', '29', '2', '50', '26', '36', '14', '11', '25', '19', '30', '49', '27', '47']","['44', '5', '31', '20', '3', '34', '23', '4', '8', '28', '40', '22', '6', '42', '45', '48', '33', '1', '9', '17', '21', '24', '37', '38', '10', '39']","['7', '43']","['46', '41']"
835,7 finished CPU → ready queue,cpu_to_ready,7,CPU0,"['35', '32', '16', '29', '2', '50', '26', '36', '14', '11', '25', '19', '30', '49', '27', '47', '7']","['44', '5', '31', '20', '3', '34', '23', '4', '8', '28', '40', '22', '6', '42', '45', '48', '33', '1', '9', '17', '21', '24', '37', '38', '10', '39']","[None, '43']","['46', '41']"
835,35 dispatched to CPU0,dispatch_cpu,35,CPU0,"['32', '16', '29', '2', '50', '26', '36', '14', '11', '25', '19', '30', '49', '27', '47', '7']","['44', '5', '31', '20', '3', '34', '23', '4', '8', '28', '40', '22', '6', '42', '45', '48', '33', '1', '9', '17', '21', '24', '37', '38', '10', '39']","['35', '43']","['46', '41']"
836,43 finished all bursts,finished,43,CPU1,"['32', '16', '29', '2', '50', '26', '36', '14', '11', '25', '19', '30', '49', '27', '47', '7']","['44', '5', '31', '20', '3', '34', '23', '4', '8', '28', '40', '22', '6', '42', '45', '48', '33', '1', '9', '17', '21', '24', '37', '38', '10', '39']","['35', None]","['46', '41']"
836,41 finished I/O → ready queue,io_to_ready,41,IO1,"['32', '16', '29', '2', '50', '26', '36', '14', '11', '25', '19', '30', '49', '27', '47', '7', '41']","['44', '5', '31', '20', '3', '34', '23', '4', '8', '28', '40', '22', '6', '42', '45', '48', '33', '1', '9', '17', '21', '24', '37', '38', '10', '39']","['35', None]","['46', None]"
836,32 dispatched to CPU1,dispatch_cpu,32,CPU1,"['16', '29', '2', '50', '26', '36', '14', '11', '25', '19', '30', '49', '27', '47', '7', '41']","['44', '5', '31', '20', '3', '34', '23', '4', '8', '28', '40', '22', '6', '42', '45', '48', '33', '1', '9', '17', '21', '24', '37', '38', '10', '39']","['35', '32']","['46', None]"
836,44 dispatched to IO1,dispatch_io,44,IO1,"['16', '29', '2', '50', '26', '36', '14', '11', '25', '19', '30', '49', '27', '47', '7', '41']","['5', '31', '20', '3', '34', '23', '4', '8', '28', '40', '22', '6', '42', '45', '48', '33', '1', '9', '17', '21', '24', '37', '38', '10', '39']","['35', '32']","['46', '44']"
838,46 finished I/O → ready queue,io_to_ready,46,IO0,"['16', '29', '2', '50', '26', '36', '14', '11', '25', '19', '30', '49', '27', '47', '7', '41', '46']","['5', '31', '20', '3', '34', '23', '4', '8', '28', '40', '22', '6', '42', '45', '48', '33', '1', '9', '17', '21', '24', '37', '38', '10', '39']","['35', '32']","[None, '44']"
838,5 dispatched to IO0,dispatch_io,5,IO0,"['16', '29', '2', '50', '26', '36', '14', '11', '25', '19', '30', '49', '27', '47', '7', '41', '46']","['31', '20', '3', '34', '23', '4', '8', '28', '40', '22', '6', '42', '45', '48', '33', '1', '9', '17', '21', '24', '37', '38', '10', '39']","['35', '32']","['5', '44']"
842,5 finished I/O → ready queue,io_to_ready,5,IO0,"['16', '29', '2', '50', '26', '36', '14', '11', '25', '19', '30', '49', '27', '47', '7', '41', '46', '5']","['31', '20', '3', '34', '23', '4', '8', '28', '40', '22', '6', '42', '45', '48', '33', '1', '9', '17', '21', '24', '37', '38', '10', '39']","['35', '32']","[None, '44']"
842,31 dispatched to IO0,dispatch_io,31,IO0,"['16', '29', '2', '50', '26', '36', '14', '11', '25', '19', '30', '49', '27', '47', '7', '41', '46', '5']","['20', '3', '34', '23', '4', '8', '28', '40', '22', '6', '42', '45', '48', '33', '1', '9', '17', '21', '24', '37', '38', '10', '39']","['35', '32']","['31', '44']"
843,35 finished CPU → ready queue,cpu_to_ready,35,CPU0,"['16', '29', '2', '50', '26', '36', '14', '11', '25', '19', '30', '49', '27', '47', '7', '41', '46', '5', '35']","['20', '3', '34', '23', '4', '8', '28', '40', '22', '6', '42', '45', '48', '33', '1', '9', '17', '21', '24', '37', '38', '10', '39']","[None, '32']","['31', '44']"
843,32 finished CPU → wait queue,cpu_to_io,32,CPU1,"['16', '29', '2', '50', '26', '36', '14', '11', '25', '19', '30', '49', '27', '47', '7', '41', '46', '5', '35']","['20', '3', '34', '23', '4', '8', '28', '40', '22', '6', '42', '45', '48', '33', '1', '9', '17', '21', '24', '37', '38', '10', '39', '32']","[None, None]","['31', '44']"
843,16 dispatched to CPU0,dispatch_cpu,16,CPU0,"['29', '2', '50', '26', '36', '14', '11', '25', '19', '30', '49', '27', '47', '7', '41', '46', '5', '35']","['20', '3', '34', '23', '4', '8', '28', '40', '22', '6', '42', '45', '48', '33', '1', '9', '17', '21', '24', '37', '38', '10', '39', '32']","['16', None]","['31', '44']"
843,29 dispatched to CPU1,dispatch_cpu,29,CPU1,"['2', '50', '26', '36', '14', '11', '25', '19', '30', '49', '27', '47', '7', '41', '46', '5', '35']","['20', '3', '34', '23', '4', '8', '28', '40', '22', '6', '42', '45', '48', '33', '1', '9', '17', '21', '24', '37', '38', '10', '39', '32']","['16', '29']","['31', '44']"
845,44 finished I/O → ready queue,io_to_ready,44,IO1,"['2', '50', '26', '36', '14', '11', '25', '19', '30', '49', '27', '47', '7', '41', '46', '5', '35', '44']","['20', '3', '34', '23', '4', '8', '28', '40', '22', '6', '42', '45', '48', '33', '1', '9', '17', '21', '24', '37', '38', '10', '39', '32']","['16', '29']","['31', None]"
845,20 dispatched to IO1,dispatch_io,20,IO1,"['2', '50', '26', '36', '14', '11', '25', '19', '30', '49', '27', '47', '7', '41', '46', '5', '35', '44']","['3', '34', '23', '4', '8', '28', '40', '22', '6', '42', '45', '48', '33', '1', '9', '17', '21', '24', '37', '38', '10', '39', '32']","['16', '29']","['31', '20']"
848,29 finished CPU → ready queue,cpu_to_ready,29,CPU1,"['2', '50', '26', '36', '14', '11', '25', '19', '30', '49', '27', '47', '7', '41', '46', '5', '35', '44', '29']","['3', '34', '23', '4', '8', '28', '40', '22', '6', '42', '45', '48', '33', '1', '9', '17', '21', '24', '37', '38', '10', '39', '32']","['16', None]","['31', '20']"
848,2 dispatched to CPU1,dispatch_cpu,2,CPU1,"['50', '26', '36', '14', '11', '25', '19', '30', '49', '27', '47', '7', '41', '46', '5', '35', '44', '29']","['3', '34', '23', '4', '8', '28', '40', '22', '6', '42', '45', '48', '33', '1', '9', '17', '21', '24', '37', '38', '10', '39', '32']","['16', '2']","['31', '20']"
851,2 finished CPU → ready queue,cpu_to_ready,2,CPU1,"['50', '26', '36', '14', '11', '25', '19', '30', '49', '27', '47', '7', '41', '46', '5', '35', '44', '29', '2']","['3', '34', '23', '4', '8', '28', '40', '22', '6', '42', '45', '48', '33', '1', '9', '17', '21', '24', '37', '38', '10', '39', '32']","['16', None]","['31', '20']"
851,50 dispatched to CPU1,dispatch_cpu,50,CPU1,"['26', '36', '14', '11', '25', '19', '30', '49', '27', '47', '7', '41', '46', '5', '35', '44', '29', '2']","['3', '34', '23', '4', '8', '28', '40', '22', '6', '42', '45', '48', '33', '1', '9', '17', '21', '24', '37', '38', '10', '39', '32']","['16', '50']","['31', '20']"
854,50 finished CPU → wait queue,cpu_to_io,50,CPU1,"['26', '36', '14', '11', '25', '19', '30', '49', '27', '47', '7', '41', '46', '5', '35', '44', '29', '2']","['3', '34', '23', '4', '8', '28', '40', '22', '6', '42', '45', '48', '33', '1', '9', '17', '21', '24', '37', '38', '10', '39', '32', '50']","['16', None]","['31', '20']"
854,26 dispatched to CPU1,dispatch_cpu,26,CPU1,"['36', '14', '11', '25', '19', '30', '49', '27', '47', '7', '41', '46', '5', '35', '44', '29', '2']","['3', '34', '23', '4', '8', '28', '40', '22', '6', '42', '45', '48', '33', '1', '9', '17', '21', '24', '37', '38', '10', '39', '32', '50']","['16', '26']","['31', '20']"
857,16 finished CPU → ready queue,cpu_to_ready,16,CPU0,"['36', '14', '11', '25', '19', '30', '49', '27', '47', '7', '41', '46', '5', '35', '44', '29', '2', '16']","['3', '34', '23', '4', '8', '28', '40', '22', '6', '42', '45', '48', '33', '1', '9', '17', '21', '24', '37', '38', '10', '39', '32', '50']","[None, '26']","['31', '20']"
857,36 dispatched to CPU0,dispatch_cpu,36,CPU0,"['14', '11', '25', '19', '30', '49', '27', '47', '7', '41', '46', '5', '35', '44', '29', '2', '16']","['3', '34', '23', '4', '8', '28', '40', '22', '6', '42', '45', '48', '33', '1', '9', '17', '21', '24', '37', '38', '10', '39', '32', '50']","['36', '26']","['31', '20']"
858,36 finished CPU → ready queue,cpu_to_ready,36,CPU0,"['14', '11', '25', '19', '30', '49', '27', '47', '7', '41', '46', '5', '35', '44', '29', '2', '16', '36']","['3', '34', '23', '4', '8', '28', '40', '22', '6', '42', '45', '48', '33', '1', '9', '17', '21', '24', '37', '38', '10', '39', '32', '50']","[None, '26']","['31', '20']"
858,14 dispatched to CPU0,dispatch_cpu,14,CPU0,"['11', '25', '19', '30', '49', '27', '47', '7', '41', '46', '5', '35', '44', '29', '2', '16', '36']","['3', '34', '23', '4', '8', '28', '40', '22', '6', '42', '45', '48', '33', '1', '9', '17', '21', '24', '37', '38', '10', '39', '32', '50']","['14', '26']","['31', '20']"
868,20 finished I/O → ready queue,io_to_ready,20,IO1,"['11', '25', '19', '30', '49', '27', '47', '7', '41', '46', '5', '35', '44', '29', '2', '16', '36', '20']","['3', '34', '23', '4', '8', '28', '40', '22', '6', '42', '45', '48', '33', '1', '9', '17', '21', '24', '37', '38', '10', '39', '32', '50']","['14', '26']","['31', None]"
868,3 dispatched to IO1,dispatch_io,3,IO1,"['11', '25', '19', '30', '49', '27', '47', '7', '41', '46', '5', '35', '44', '29', '2', '16', '36', '20']","['34', '23', '4', '8', '28', '40', '22', '6', '42', '45', '48', '33', '1', '9', '17', '21', '24', '37', '38', '10', '39', '32', '50']","['14', '26']","['31', '3']"
869,26 finished CPU → ready queue,cpu_to_ready,26,CPU1,"['11', '25', '19', '30', '49', '27', '47', '7', '41', '46', '5', '35', '44', '29', '2', '16', '36', '20', '26']","['34', '23', '4', '8', '28', '40', '22', '6', '42', '45', '48', '33', '1', '9', '17', '21', '24', '37', '38', '10', '39', '32', '50']","['14', None]","['31', '3']"
869,11 dispatched to CPU1,dispatch_cpu,11,CPU1,"['25', '19', '30', '49', '27', '47', '7', '41', '46', '5', '35', '44', '29', '2', '16', '36', '20', '26']","['34', '23', '4', '8', '28', '40', '22', '6', '42', '45', '48', '33', '1', '9', '17', '21', '24', '37', '38', '10', '39', '32', '50']","['14', '11']","['31', '3']"
870,14 finished CPU → ready queue,cpu_to_ready,14,CPU0,"['25', '19', '30', '49', '27', '47', '7', '41', '46', '5', '35', '44', '29', '2', '16', '36', '20', '26', '14']","['34', '23', '4', '8', '28', '40', '22', '6', '42', '45', '48', '33', '1', '9', '17', '21', '24', '37', '38', '10', '39', '32', '50']","[None, '11']","['31', '3']"
870,25 dispatched to CPU0,dispatch_cpu,25,CPU0,"['19', '30', '49', '27', '47', '7', '41', '46', '5', '35', '44', '29', '2', '16', '36', '20', '26', '14']","['34', '23', '4', '8', '28', '40', '22', '6', '42', '45', '48', '33', '1', '9', '17', '21', '24', '37', '38', '10', '39', '32', '50']","['25', '11']","['31', '3']"
871,25 finished all bursts,finished,25,CPU0,"['19', '30', '49', '27', '47', '7', '41', '46', '5', '35', '44', '29', '2', '16', '36', '20', '26', '14']","['34', '23', '4', '8', '28', '40', '22', '6', '42', '45', '48', '33', '1', '9', '17', '21', '24', '37', '38', '10', '39', '32', '50']","[None, '11']","['31', '3']"
871,31 finished I/O → ready queue,io_to_ready,31,IO0,"['19', '30', '49', '27', '47', '7', '41', '46', '5', '35', '44', '29', '2', '16', '36', '20', '26', '14', '31']","['34', '23', '4', '8', '28', '40', '22', '6', '42', '45', '48', '33', '1', '9', '17', '21', '24', '37', '38', '10', '39', '32', '50']","[None, '11']","[None, '3']"
871,19 dispatched to CPU0,dispatch_cpu,19,CPU0,"['30', '49', '27', '47', '7', '41', '46', '5', '35', '44', '29', '2', '16', '36', '20', '26', '14', '31']","['34', '23', '4', '8', '28', '40', '22', '6', '42', '45', '48', '33', '1', '9', '17', '21', '24', '37', '38', '10', '39', '32', '50']","['19', '11']","[None, '3']"
871,34 dispatched to IO0,dispatch_io,34,IO0,"['30', '49', '27', '47', '7', '41', '46', '5', '35', '44', '29', '2', '16', '36', '20', '26', '14', '31']","['23', '4', '8', '28', '40', '22', '6', '42', '45', '48', '33', '1', '9', '17', '21', '24', '37', '38', '10', '39', '32', '50']","['19', '11']","['34', '3']"
874,3 finished I/O → ready queue,io_to_ready,3,IO1,"['30', '49', '27', '47', '7', '41', '46', '5', '35', '44', '29', '2', '16', '36', '20', '26', '14', '31', '3']","['23', '4', '8', '28', '40', '22', '6', '42', '45', '48', '33', '1', '9', '17', '21', '24', '37', '38', '10', '39', '32', '50']","['19', '11']","['34', None]"
874,23 dispatched to IO1,dispatch_io,23,IO1,"['30', '49', '27', '47', '7', '41', '46', '5', '35', '44', '29', '2', '16', '36', '20', '26', '14', '31', '3']","['4', '8', '28', '40', '22', '6', '42', '45', '48', '33', '1', '9', '17', '21', '24', '37', '38', '10', '39', '32', '50']","['19', '11']","['34', '23']"
876,11 finished CPU → ready queue,cpu_to_ready,11,CPU1,"['30', '49', '27', '47', '7', '41', '46', '5', '35', '44', '29', '2', '16', '36', '20', '26', '14', '31', '3', '11']","['4', '8', '28', '40', '22', '6', '42', '45', '48', '33', '1', '9', '17', '21', '24', '37', '38', '10', '39', '32', '50']","['19', None]","['34', '23']"
876,30 dispatched to CPU1,dispatch_cpu,30,CPU1,"['49', '27', '47', '7', '41', '46', '5', '35', '44', '29', '2', '16', '36', '20', '26', '14', '31', '3', '11']","['4', '8', '28', '40', '22', '6', '42', '45', '48', '33', '1', '9', '17', '21', '24', '37', '38', '10', '39', '32', '50']","['19', '30']","['34', '23']"
877,30 finished CPU → wait queue,cpu_to_io,30,CPU1,"['49', '27', '47', '7', '41', '46', '5', '35', '44', '29', '2', '16', '36', '20', '26', '14', '31', '3', '11']","['4', '8', '28', '40', '22', '6', '42', '45', '48', '33', '1', '9', '17', '21', '24', '37', '38', '10', '39', '32', '50', '30']","['19', None]","['34', '23']"
877,49 dispatched to CPU1,dispatch_cpu,49,CPU1,"['27', '47', '7', '41', '46', '5', '35', '44', '29', '2', '16', '36', '20', '26', '14', '31', '3', '11']","['4', '8', '28', '40', '22', '6', '42', '45', '48', '33', '1', '9', '17', '21', '24', '37', '38', '10', '39', '32', '50', '30']","['19', '49']","['34', '23']"
878,49 finished all bursts,finished,49,CPU1,"['27', '47', '7', '41', '46', '5', '35', '44', '29', '2', '16', '36', '20', '26', '14', '31', '3', '11']","['4', '8', '28', '40', '22', '6', '42', '45', '48', '33', '1', '9', '17', '21', '24', '37', '38', '10', '39', '32', '50', '30']","['19', None]","['34', '23']"
878,27 dispatched to CPU1,dispatch_cpu,27,CPU1,"['47', '7', '41', '46', '5', '35', '44', '29', '2', '16', '36', '20', '26', '14', '31', '3', '11']","['4', '8', '28', '40', '22', '6', '42', '45', '48', '33', '1', '9', '17', '21', '24', '37', '38', '10', '39', '32', '50', '30']","['19', '27']","['34', '23']"
880,19 finished CPU → wait queue,cpu_to_io,19,CPU0,"['47', '7', '41', '46', '5', '35', '44', '29', '2', '16', '36', '20', '26', '14', '31', '3', '11']","['4', '8', '28', '40', '22', '6', '42', '45', '48', '33', '1', '9', '17', '21', '24', '37', '38', '10', '39', '32', '50', '30', '19']","[None, '27']","['34', '23']"
880,47 dispatched to CPU0,dispatch_cpu,47,CPU0,"['7', '41', '46', '5', '35', '44', '29', '2', '16', '36', '20', '26', '14', '31', '3', '11']","['4', '8', '28', '40', '22', '6', '42', '45', '48', '33', '1', '9', '17', '21', '24', '37', '38', '10', '39', '32', '50', '30', '19']","['47', '27']","['34', '23']"
885,27 finished CPU → ready queue,cpu_to_ready,27,CPU1,"['7', '41', '46', '5', '35', '44', '29', '2', '16', '36', '20', '26', '14', '31', '3', '11', '27']","['4', '8', '28', '40', '22', '6', '42', '45', '48', '33', '1', '9', '17', '21', '24', '37', '38', '10', '39', '32', '50', '30', '19']","['47', None]","['34', '23']"
885,7 dispatched to CPU1,dispatch_cpu,7,CPU1,"['41', '46', '5', '35', '44', '29', '2', '16', '36', '20', '26', '14', '31', '3', '11', '27']","['4', '8', '28', '40', '22', '6', '42', '45', '48', '33', '1', '9', '17', '21', '24', '37', '38', '10', '39', '32', '50', '30', '19']","['47', '7']","['34', '23']"
887,47 finished CPU → wait queue,cpu_to_io,47,CPU0,"['41', '46', '5', '35', '44', '29', '2', '16', '36', '20', '26', '14', '31', '3', '11', '27']","['4', '8', '28', '40', '22', '6', '42', '45', '48', '33', '1', '9', '17', '21', '24', '37', '38', '10', '39', '32', '50', '30', '19', '47']","[None, '7']","['34', '23']"
887,41 dispatched to CPU0,dispatch_cpu,41,CPU0,"['46', '5', '35', '44', '29', '2', '16', '36', '20', '26', '14', '31', '3', '11', '27']","['4', '8', '28', '40', '22', '6', '42', '45', '48', '33', '1', '9', '17', '21', '24', '37', '38', '10', '39', '32', '50', '30', '19', '47']","['41', '7']","['34', '23']"
888,34 finished I/O → ready queue,io_to_ready,34,IO0,"['46', '5', '35', '44', '29', '2', '16', '36', '20', '26', '14', '31', '3', '11', '27', '34']","['4', '8', '28', '40', '22', '6', '42', '45', '48', '33', '1', '9', '17', '21', '24', '37', '38', '10', '39', '32', '50', '30', '19', '47']","['41', '7']","[None, '23']"
888,4 dispatched to IO0,dispatch_io,4,IO0,"['46', '5', '35', '44', '29', '2', '16', '36', '20', '26', '14', '31', '3', '11', '27', '34']","['8', '28', '40', '22', '6', '42', '45', '48', '33', '1', '9', '17', '21', '24', '37', '38', '10', '39', '32', '50', '30', '19', '47']","['41', '7']","['4', '23']"
890,41 finished CPU → ready queue,cpu_to_ready,41,CPU0,"['46', '5', '35', '44', '29', '2', '16', '36', '20', '26', '14', '31', '3', '11', '27', '34', '41']","['8', '28', '40', '22', '6', '42', '45', '48', '33', '1', '9', '17', '21', '24', '37', '38', '10', '39', '32', '50', '30', '19', '47']","[None, '7']","['4', '23']"
890,46 dispatched to CPU0,dispatch_cpu,46,CPU0,"['5', '35', '44', '29', '2', '16', '36', '20', '26', '14', '31', '3', '11', '27', '34', '41']","['8', '28', '40', '22', '6', '42', '45', '48', '33', '1', '9', '17', '21', '24', '37', '38', '10', '39', '32', '50', '30', '19', '47']","['46', '7']","['4', '23']"
894,7 finished CPU → wait queue,cpu_to_io,7,CPU1,"['5', '35', '44', '29', '2', '16', '36', '20', '26', '14', '31', '3', '11', '27', '34', '41']","['8', '28', '40', '22', '6', '42', '45', '48', '33', '1', '9', '17', '21', '24', '37', '38', '10', '39', '32', '50', '30', '19', '47', '7']","['46', None]","['4', '23']"
894,5 dispatched to CPU1,dispatch_cpu,5,CPU1,"['35', '44', '29', '2', '16', '36', '20', '26', '14', '31', '3', '11', '27', '34', '41']","['8', '28', '40', '22', '6', '42', '45', '48', '33', '1', '9', '17', '21', '24', '37', '38', '10', '39', '32', '50', '30', '19', '47', '7']","['46', '5']","['4', '23']"
898,5 finished all bursts,finished,5,CPU1,"['35', '44', '29', '2', '16', '36', '20', '26', '14', '31', '3', '11', '27', '34', '41']","['8', '28', '40', '22', '6', '42', '45', '48', '33', '1', '9', '17', '21', '24', '37', '38', '10', '39', '32', '50', '30', '19', '47', '7']","['46', None]","['4', '23']"
898,35 dispatched to CPU1,dispatch_cpu,35,CPU1,"['44', '29', '2', '16', '36', '20', '26', '14', '31', '3', '11', '27', '34', '41']","['8', '28', '40', '22', '6', '42', '45', '48', '33', '1', '9', '17', '21', '24', '37', '38', '10', '39', '32', '50', '30', '19', '47', '7']","['46', '35']","['4', '23']"
899,46 finished CPU → wait queue,cpu_to_io,46,CPU0,"['44', '29', '2', '16', '36', '20', '26', '14', '31', '3', '11', '27', '34', '41']","['8', '28', '40', '22', '6', '42', '45', '48', '33', '1', '9', '17', '21', '24', '37', '38', '10', '39', '32', '50', '30', '19', '47', '7', '46']","[None, '35']","['4', '23']"
899,23 finished I/O → ready queue,io_to_ready,23,IO1,"['44', '29', '2', '16', '36', '20', '26', '14', '31', '3', '11', '27', '34', '41', '23']","['8', '28', '40', '22', '6', '42', '45', '48', '33', '1', '9', '17', '21', '24', '37', '38', '10', '39', '32', '50', '30', '19', '47', '7', '46']","[None, '35']","['4', None]"
899,44 dispatched to CPU0,dispatch_cpu,44,CPU0,"['29', '2', '16', '36', '20', '26', '14', '31', '3', '11', '27', '34', '41', '23']","['8', '28', '40', '22', '6', '42', '45', '48', '33', '1', '9', '17', '21', '24', '37', '38', '10', '39', '32', '50', '30', '19', '47', '7', '46']","['44', '35']","['4', None]"
899,8 dispatched to IO1,dispatch_io,8,IO1,"['29', '2', '16', '36', '20', '26', '14', '31', '3', '11', '27', '34', '41', '23']","['28', '40', '22', '6', '42', '45', '48', '33', '1', '9', '17', '21', '24', '37', '38', '10', '39', '32', '50', '30', '19', '47', '7', '46']","['44', '35']","['4', '8']"
902,44 finished CPU → ready queue,cpu_to_ready,44,CPU0,"['29', '2', '16', '36', '20', '26', '14', '31', '3', '11', '27', '34', '41', '23', '44']","['28', '40', '22', '6', '42', '45', '48', '33', '1', '9', '17', '21', '24', '37', '38', '10', '39', '32', '50', '30', '19', '47', '7', '46']","[None, '35']","['4', '8']"
902,29 dispatched to CPU0,dispatch_cpu,29,CPU0,"['2', '16', '36', '20', '26', '14', '31', '3', '11', '27', '34', '41', '23', '44']","['28', '40', '22', '6', '42', '45', '48', '33', '1', '9', '17', '21', '24', '37', '38', '10', '39', '32', '50', '30', '19', '47', '7', '46']","['29', '35']","['4', '8']"
903,4 finished I/O → ready queue,io_to_ready,4,IO0,"['2', '16', '36', '20', '26', '14', '31', '3', '11', '27', '34', '41', '23', '44', '4']","['28', '40', '22', '6', '42', '45', '48', '33', '1', '9', '17', '21', '24', '37', '38', '10', '39', '32', '50', '30', '19', '47', '7', '46']","['29', '35']","[None, '8']"
903,28 dispatched to IO0,dispatch_io,28,IO0,"['2', '16', '36', '20', '26', '14', '31', '3', '11', '27', '34', '41', '23', '44', '4']","['40', '22', '6', '42', '45', '48', '33', '1', '9', '17', '21', '24', '37', '38', '10', '39', '32', '50', '30', '19', '47', '7', '46']","['29', '35']","['28', '8']"
904,8 finished I/O → ready queue,io_to_ready,8,IO1,"['2', '16', '36', '20', '26', '14', '31', '3', '11', '27', '34', '41', '23', '44', '4', '8']","['40', '22', '6', '42', '45', '48', '33', '1', '9', '17', '21', '24', '37', '38', '10', '39', '32', '50', '30', '19', '47', '7', '46']","['29', '35']","['28', None]"
904,40 dispatched to IO1,dispatch_io,40,IO1,"['2', '16', '36', '20', '26', '14', '31', '3', '11', '27', '34', '41', '23', '44', '4', '8']","['22', '6', '42', '45', '48', '33', '1', '9', '17', '21', '24', '37', '38', '10', '39', '32', '50', '30', '19', '47', '7', '46']","['29', '35']","['28', '40']"
908,29 finished CPU → ready queue,cpu_to_ready,29,CPU0,"['2', '16', '36', '20', '26', '14', '31', '3', '11', '27', '34', '41', '23', '44', '4', '8', '29']","['22', '6', '42', '45', '48', '33', '1', '9', '17', '21', '24', '37', '38', '10', '39', '32', '50', '30', '19', '47', '7', '46']","[None, '35']","['28', '40']"
908,2 dispatched to CPU0,dispatch_cpu,2,CPU0,"['16', '36', '20', '26', '14', '31', '3', '11', '27', '34', '41', '23', '44', '4', '8', '29']","['22', '6', '42', '45', '48', '33', '1', '9', '17', '21', '24', '37', '38', '10', '39', '32', '50', '30', '19', '47', '7', '46']","['2', '35']","['28', '40']"
912,28 finished I/O → ready queue,io_to_ready,28,IO0,"['16', '36', '20', '26', '14', '31', '3', '11', '27', '34', '41', '23', '44', '4', '8', '29', '28']","['22', '6', '42', '45', '48', '33', '1', '9', '17', '21', '24', '37', '38', '10', '39', '32', '50', '30', '19', '47', '7', '46']","['2', '35']","[None, '40']"
912,22 dispatched to IO0,dispatch_io,22,IO0,"['16', '36', '20', '26', '14', '31', '3', '11', '27', '34', '41', '23', '44', '4', '8', '29', '28']","['6', '42', '45', '48', '33', '1', '9', '17', '21', '24', '37', '38', '10', '39', '32', '50', '30', '19', '47', '7', '46']","['2', '35']","['22', '40']"
914,35 finished CPU → ready queue,cpu_to_ready,35,CPU1,"['16', '36', '20', '26', '14', '31', '3', '11', '27', '34', '41', '23', '44', '4', '8', '29', '28', '35']","['6', '42', '45', '48', '33', '1', '9', '17', '21', '24', '37', '38', '10', '39', '32', '50', '30', '19', '47', '7', '46']","['2', None]","['22', '40']"
914,16 dispatched to CPU1,dispatch_cpu,16,CPU1,"['36', '20', '26', '14', '31', '3', '11', '27', '34', '41', '23', '44', '4', '8', '29', '28', '35']","['6', '42', '45', '48', '33', '1', '9', '17', '21', '24', '37', '38', '10', '39', '32', '50', '30', '19', '47', '7', '46']","['2', '16']","['22', '40']"
916,2 finished CPU → ready queue,cpu_to_ready,2,CPU0,"['36', '20', '26', '14', '31', '3', '11', '27', '34', '41', '23', '44', '4', '8', '29', '28', '35', '2']","['6', '42', '45', '48', '33', '1', '9', '17', '21', '24', '37', '38', '10', '39', '32', '50', '30', '19', '47', '7', '46']","[None, '16']","['22', '40']"
916,36 dispatched to CPU0,dispatch_cpu,36,CPU0,"['20', '26', '14', '31', '3', '11', '27', '34', '41', '23', '44', '4', '8', '29', '28', '35', '2']","['6', '42', '45', '48', '33', '1', '9', '17', '21', '24', '37', '38', '10', '39', '32', '50', '30', '19', '47', '7', '46']","['36', '16']","['22', '40']"
922,36 finished CPU → wait queue,cpu_to_io,36,CPU0,"['20', '26', '14', '31', '3', '11', '27', '34', '41', '23', '44', '4', '8', '29', '28', '35', '2']","['6', '42', '45', '48', '33', '1', '9', '17', '21', '24', '37', '38', '10', '39', '32', '50', '30', '19', '47', '7', '46', '36']","[None, '16']","['22', '40']"
922,22 finished I/O → ready queue,io_to_ready,22,IO0,"['20', '26', '14', '31', '3', '11', '27', '34', '41', '23', '44', '4', '8', '29', '28', '35', '2', '22']","['6', '42', '45', '48', '33', '1', '9', '17', '21', '24', '37', '38', '10', '39', '32', '50', '30', '19', '47', '7', '46', '36']","[None, '16']","[None, '40']"
922,20 dispatched to CPU0,dispatch_cpu,20,CPU0,"['26', '14', '31', '3', '11', '27', '34', '41', '23', '44', '4', '8', '29', '28', '35', '2', '22']","['6', '42', '45', '48', '33', '1', '9', '17', '21', '24', '37', '38', '10', '39', '32', '50', '30', '19', '47', '7', '46', '36']","['20', '16']","[None, '40']"
922,6 dispatched to IO0,dispatch_io,6,IO0,"['26', '14', '31', '3', '11', '27', '34', '41', '23', '44', '4', '8', '29', '28', '35', '2', '22']","['42', '45', '48', '33', '1', '9', '17', '21', '24', '37', '38', '10', '39', '32', '50', '30', '19', '47', '7', '46', '36']","['20', '16']","['6', '40']"
924,16 finished CPU → ready queue,cpu_to_ready,16,CPU1,"['26', '14', '31', '3', '11', '27', '34', '41', '23', '44', '4', '8', '29', '28', '35', '2', '22', '16']","['42', '45', '48', '33', '1', '9', '17', '21', '24', '37', '38', '10', '39', '32', '50', '30', '19', '47', '7', '46', '36']","['20', None]","['6', '40']"
924,40 finished I/O → ready queue,io_to_ready,40,IO1,"['26', '14', '31', '3', '11', '27', '34', '41', '23', '44', '4', '8', '29', '28', '35', '2', '22', '16', '40']","['42', '45', '48', '33', '1', '9', '17', '21', '24', '37', '38', '10', '39', '32', '50', '30', '19', '47', '7', '46', '36']","['20', None]","['6', None]"
924,26 dispatched to CPU1,dispatch_cpu,26,CPU1,"['14', '31', '3', '11', '27', '34', '41', '23', '44', '4', '8', '29', '28', '35', '2', '22', '16', '40']","['42', '45', '48', '33', '1', '9', '17', '21', '24', '37', '38', '10', '39', '32', '50', '30', '19', '47', '7', '46', '36']","['20', '26']","['6', None]"
924,42 dispatched to IO1,dispatch_io,42,IO1,"['14', '31', '3', '11', '27', '34', '41', '23', '44', '4', '8', '29', '28', '35', '2', '22', '16', '40']","['45', '48', '33', '1', '9', '17', '21', '24', '37', '38', '10', '39', '32', '50', '30', '19', '47', '7', '46', '36']","['20', '26']","['6', '42']"
933,20 finished all bursts,finished,20,CPU0,"['14', '31', '3', '11', '27', '34', '41', '23', '44', '4', '8', '29', '28', '35', '2', '22', '16', '40']","['45', '48', '33', '1', '9', '17', '21', '24', '37', '38', '10', '39', '32', '50', '30', '19', '47', '7', '46', '36']","[None, '26']","['6', '42']"
933,14 dispatched to CPU0,dispatch_cpu,14,CPU0,"['31', '3', '11', '27', '34', '41', '23', '44', '4', '8', '29', '28', '35', '2', '22', '16', '40']","['45', '48', '33', '1', '9', '17', '21', '24', '37', '38', '10', '39', '32', '50', '30', '19', '47', '7', '46', '36']","['14', '26']","['6', '42']"
935,14 finished CPU → wait queue,cpu_to_io,14,CPU0,"['31', '3', '11', '27', '34', '41', '23', '44', '4', '8', '29', '28', '35', '2', '22', '16', '40']","['45', '48', '33', '1', '9', '17', '21', '24', '37', '38', '10', '39', '32', '50', '30', '19', '47', '7', '46', '36', '14']","[None, '26']","['6', '42']"
935,31 dispatched to CPU0,dispatch_cpu,31,CPU0,"['3', '11', '27', '34', '41', '23', '44', '4', '8', '29', '28', '35', '2', '22', '16', '40']","['45', '48', '33', '1', '9', '17', '21', '24', '37', '38', '10', '39', '32', '50', '30', '19', '47', '7', '46', '36', '14']","['31', '26']","['6', '42']"
937,26 finished CPU → ready queue,cpu_to_ready,26,CPU1,"['3', '11', '27', '34', '41', '23', '44', '4', '8', '29', '28', '35', '2', '22', '16', '40', '26']","['45', '48', '33', '1', '9', '17', '21', '24', '37', '38', '10', '39', '32', '50', '30', '19', '47', '7', '46', '36', '14']","['31', None]","['6', '42']"
937,3 dispatched to CPU1,dispatch_cpu,3,CPU1,"['11', '27', '34', '41', '23', '44', '4', '8', '29', '28', '35', '2', '22', '16', '40', '26']","['45', '48', '33', '1', '9', '17', '21', '24', '37', '38', '10', '39', '32', '50', '30', '19', '47', '7', '46', '36', '14']","['31', '3']","['6', '42']"
938,6 finished I/O → ready queue,io_to_ready,6,IO0,"['11', '27', '34', '41', '23', '44', '4', '8', '29', '28', '35', '2', '22', '16', '40', '26', '6']","['45', '48', '33', '1', '9', '17', '21', '24', '37', '38', '10', '39', '32', '50', '30', '19', '47', '7', '46', '36', '14']","['31', '3']","[None, '42']"
938,45 dispatched to IO0,dispatch_io,45,IO0,"['11', '27', '34', '41', '23', '44', '4', '8', '29', '28', '35', '2', '22', '16', '40', '26', '6']","['48', '33', '1', '9', '17', '21', '24', '37', '38', '10', '39', '32', '50', '30', '19', '47', '7', '46', '36', '14']","['31', '3']","['45', '42']"
941,31 finished CPU → wait queue,cpu_to_io,31,CPU0,"['11', '27', '34', '41', '23', '44', '4', '8', '29', '28', '35', '2', '22', '16', '40', '26', '6']","['48', '33', '1', '9', '17', '21', '24', '37', '38', '10', '39', '32', '50', '30', '19', '47', '7', '46', '36', '14', '31']","[None, '3']","['45', '42']"
941,3 finished CPU → ready queue,cpu_to_ready,3,CPU1,"['11', '27', '34', '41', '23', '44', '4', '8', '29', '28', '35', '2', '22', '16', '40', '26', '6', '3']","['48', '33', '1', '9', '17', '21', '24', '37', '38', '10', '39', '32', '50', '30', '19', '47', '7', '46', '36', '14', '31']","[None, None]","['45', '42']"
941,11 dispatched to CPU0,dispatch_cpu,11,CPU0,"['27', '34', '41', '23', '44', '4', '8', '29', '28', '35', '2', '22', '16', '40', '26', '6', '3']","['48', '33', '1', '9', '17', '21', '24', '37', '38', '10', '39', '32', '50', '30', '19', '47', '7', '46', '36', '14', '31']","['11', None]","['45', '42']"
941,27 dispatched to CPU1,dispatch_cpu,27,CPU1,"['34', '41', '23', '44', '4', '8', '29', '28', '35', '2', '22', '16', '40', '26', '6', '3']","['48', '33', '1', '9', '17', '21', '24', '37', '38', '10', '39', '32', '50', '30', '19', '47', '7', '46', '36', '14', '31']","['11', '27']","['45', '42']"
942,27 finished CPU → ready queue,cpu_to_ready,27,CPU1,"['34', '41', '23', '44', '4', '8', '29', '28', '35', '2', '22', '16', '40', '26', '6', '3', '27']","['48', '33', '1', '9', '17', '21', '24', '37', '38', '10', '39', '32', '50', '30', '19', '47', '7', '46', '36', '14', '31']","['11', None]","['45', '42']"
942,42 finished I/O → ready queue,io_to_ready,42,IO1,"['34', '41', '23', '44', '4', '8', '29', '28', '35', '2', '22', '16', '40', '26', '6', '3', '27', '42']","['48', '33', '1', '9', '17', '21', '24', '37', '38', '10', '39', '32', '50', '30', '19', '47', '7', '46', '36', '14', '31']","['11', None]","['45', None]"
942,34 dispatched to CPU1,dispatch_cpu,34,CPU1,"['41', '23', '44', '4', '8', '29', '28', '35', '2', '22', '16', '40', '26', '6', '3', '27', '42']","['48', '33', '1', '9', '17', '21', '24', '37', '38', '10', '39', '32', '50', '30', '19', '47', '7', '46', '36', '14', '31']","['11', '34']","['45', None]"
942,48 dispatched to IO1,dispatch_io,48,IO1,"['41', '23', '44', '4', '8', '29', '28', '35', '2', '22', '16', '40', '26', '6', '3', '27', '42']","['33', '1', '9', '17', '21', '24', '37', '38', '10', '39', '32', '50', '30', '19', '47', '7', '46', '36', '14', '31']","['11', '34']","['45', '48']"
947,45 finished I/O → ready queue,io_to_ready,45,IO0,"['41', '23', '44', '4', '8', '29', '28', '35', '2', '22', '16', '40', '26', '6', '3', '27', '42', '45']","['33', '1', '9', '17', '21', '24', '37', '38', '10', '39', '32', '50', '30', '19', '47', '7', '46', '36', '14', '31']","['11', '34']","[None, '48']"
947,33 dispatched to IO0,dispatch_io,33,IO0,"['41', '23', '44', '4', '8', '29', '28', '35', '2', '22', '16', '40', '26', '6', '3', '27', '42', '45']","['1', '9', '17', '21', '24', '37', '38', '10', '39', '32', '50', '30', '19', '47', '7', '46', '36', '14', '31']","['11', '34']","['33', '48']"
948,11 finished all bursts,finished,11,CPU0,"['41', '23', '44', '4', '8', '29', '28', '35', '2', '22', '16', '40', '26', '6', '3', '27', '42', '45']","['1', '9', '17', '21', '24', '37', '38', '10', '39', '32', '50', '30', '19', '47', '7', '46', '36', '14', '31']","[None, '34']","['33', '48']"
948,41 dispatched to CPU0,dispatch_cpu,41,CPU0,"['23', '44', '4', '8', '29', '28', '35', '2', '22', '16', '40', '26', '6', '3', '27', '42', '45']","['1', '9', '17', '21', '24', '37', '38', '10', '39', '32', '50', '30', '19', '47', '7', '46', '36', '14', '31']","['41', '34']","['33', '48']"
951,34 finished CPU → ready queue,cpu_to_ready,34,CPU1,"['23', '44', '4', '8', '29', '28', '35', '2', '22', '16', '40', '26', '6', '3', '27', '42', '45', '34']","['1', '9', '17', '21', '24', '37', '38', '10', '39', '32', '50', '30', '19', '47', '7', '46', '36', '14', '31']","['41', None]","['33', '48']"
951,23 dispatched to CPU1,dispatch_cpu,23,CPU1,"['44', '4', '8', '29', '28', '35', '2', '22', '16', '40', '26', '6', '3', '27', '42', '45', '34']","['1', '9', '17', '21', '24', '37', '38', '10', '39', '32', '50', '30', '19', '47', '7', '46', '36', '14', '31']","['41', '23']","['33', '48']"
953,48 finished I/O → ready queue,io_to_ready,48,IO1,"['44', '4', '8', '29', '28', '35', '2', '22', '16', '40', '26', '6', '3', '27', '42', '45', '34', '48']","['1', '9', '17', '21', '24', '37', '38', '10', '39', '32', '50', '30', '19', '47', '7', '46', '36', '14', '31']","['41', '23']","['33', None]"
953,1 dispatched to IO1,dispatch_io,1,IO1,"['44', '4', '8', '29', '28', '35', '2', '22', '16', '40', '26', '6', '3', '27', '42', '45', '34', '48']","['9', '17', '21', '24', '37', '38', '10', '39', '32', '50', '30', '19', '47', '7', '46', '36', '14', '31']","['41', '23']","['33', '1']"
956,23 finished all bursts,finished,23,CPU1,"['44', '4', '8', '29', '28', '35', '2', '22', '16', '40', '26', '6', '3', '27', '42', '45', '34', '48']","['9', '17', '21', '24', '37', '38', '10', '39', '32', '50', '30', '19', '47', '7', '46', '36', '14', '31']","['41', None]","['33', '1']"
956,44 dispatched to CPU1,dispatch_cpu,44,CPU1,"['4', '8', '29', '28', '35', '2', '22', '16', '40', '26', '6', '3', '27', '42', '45', '34', '48']","['9', '17', '21', '24', '37', '38', '10', '39', '32', '50', '30', '19', '47', '7', '46', '36', '14', '31']","['41', '44']","['33', '1']"
961,44 finished all bursts,finished,44,CPU1,"['4', '8', '29', '28', '35', '2', '22', '16', '40', '26', '6', '3', '27', '42', '45', '34', '48']","['9', '17', '21', '24', '37', '38', '10', '39', '32', '50', '30', '19', '47', '7', '46', '36', '14', '31']","['41', None]","['33', '1']"
961,4 dispatched to CPU1,dispatch_cpu,4,CPU1,"['8', '29', '28', '35', '2', '22', '16', '40', '26', '6', '3', '27', '42', '45', '34', '48']","['9', '17', '21', '24', '37', '38', '10', '39', '32', '50', '30', '19', '47', '7', '46', '36', '14', '31']","['41', '4']","['33', '1']"
963,41 finished CPU → wait queue,cpu_to_io,41,CPU0,"['8', '29', '28', '35', '2', '22', '16', '40', '26', '6', '3', '27', '42', '45', '34', '48']","['9', '17', '21', '24', '37', '38', '10', '39', '32', '50', '30', '19', '47', '7', '46', '36', '14', '31', '41']","[None, '4']","['33', '1']"
963,8 dispatched to CPU0,dispatch_cpu,8,CPU0,"['29', '28', '35', '2', '22', '16', '40', '26', '6', '3', '27', '42', '45', '34', '48']","['9', '17', '21', '24', '37', '38', '10', '39', '32', '50', '30', '19', '47', '7', '46', '36', '14', '31', '41']","['8', '4']","['33', '1']"
964,8 finished all bursts,finished,8,CPU0,"['29', '28', '35', '2', '22', '16', '40', '26', '6', '3', '27', '42', '45', '34', '48']","['9', '17', '21', '24', '37', '38', '10', '39', '32', '50', '30', '19', '47', '7', '46', '36', '14', '31', '41']","[None, '4']","['33', '1']"
964,29 dispatched to CPU0,dispatch_cpu,29,CPU0,"['28', '35', '2', '22', '16', '40', '26', '6', '3', '27', '42', '45', '34', '48']","['9', '17', '21', '24', '37', '38', '10', '39', '32', '50', '30', '19', '47', '7', '46', '36', '14', '31', '41']","['29', '4']","['33', '1']"
965,29 finished all bursts,finished,29,CPU0,"['28', '35', '2', '22', '16', '40', '26', '6', '3', '27', '42', '45', '34', '48']","['9', '17', '21', '24', '37', '38', '10', '39', '32', '50', '30', '19', '47', '7', '46', '36', '14', '31', '41']","[None, '4']","['33', '1']"
965,28 dispatched to CPU0,dispatch_cpu,28,CPU0,"['35', '2', '22', '16', '40', '26', '6', '3', '27', '42', '45', '34', '48']","['9', '17', '21', '24', '37', '38', '10', '39', '32', '50', '30', '19', '47', '7', '46', '36', '14', '31', '41']","['28', '4']","['33', '1']"
967,33 finished I/O → ready queue,io_to_ready,33,IO0,"['35', '2', '22', '16', '40', '26', '6', '3', '27', '42', '45', '34', '48', '33']","['9', '17', '21', '24', '37', '38', '10', '39', '32', '50', '30', '19', '47', '7', '46', '36', '14', '31', '41']","['28', '4']","[None, '1']"
967,9 dispatched to IO0,dispatch_io,9,IO0,"['35', '2', '22', '16', '40', '26', '6', '3', '27', '42', '45', '34', '48', '33']","['17', '21', '24', '37', '38', '10', '39', '32', '50', '30', '19', '47', '7', '46', '36', '14', '31', '41']","['28', '4']","['9', '1']"
971,28 finished CPU → wait queue,cpu_to_io,28,CPU0,"['35', '2', '22', '16', '40', '26', '6', '3', '27', '42', '45', '34', '48', '33']","['17', '21', '24', '37', '38', '10', '39', '32', '50', '30', '19', '47', '7', '46', '36', '14', '31', '41', '28']","[None, '4']","['9', '1']"
971,35 dispatched to CPU0,dispatch_cpu,35,CPU0,"['2', '22', '16', '40', '26', '6', '3', '27', '42', '45', '34', '48', '33']","['17', '21', '24', '37', '38', '10', '39', '32', '50', '30', '19', '47', '7', '46', '36', '14', '31', '41', '28']","['35', '4']","['9', '1']"
974,4 finished CPU → wait queue,cpu_to_io,4,CPU1,"['2', '22', '16', '40', '26', '6', '3', '27', '42', '45', '34', '48', '33']","['17', '21', '24', '37', '38', '10', '39', '32', '50', '30', '19', '47', '7', '46', '36', '14', '31', '41', '28', '4']","['35', None]","['9', '1']"
974,2 dispatched to CPU1,dispatch_cpu,2,CPU1,"['22', '16', '40', '26', '6', '3', '27', '42', '45', '34', '48', '33']","['17', '21', '24', '37', '38', '10', '39', '32', '50', '30', '19', '47', '7', '46', '36', '14', '31', '41', '28', '4']","['35', '2']","['9', '1']"
979,1 finished I/O → ready queue,io_to_ready,1,IO1,"['22', '16', '40', '26', '6', '3', '27', '42', '45', '34', '48', '33', '1']","['17', '21', '24', '37', '38', '10', '39', '32', '50', '30', '19', '47', '7', '46', '36', '14', '31', '41', '28', '4']","['35', '2']","['9', None]"
979,17 dispatched to IO1,dispatch_io,17,IO1,"['22', '16', '40', '26', '6', '3', '27', '42', '45', '34', '48', '33', '1']","['21', '24', '37', '38', '10', '39', '32', '50', '30', '19', '47', '7', '46', '36', '14', '31', '41', '28', '4']","['35', '2']","['9', '17']"
980,35 finished CPU → wait queue,cpu_to_io,35,CPU0,"['22', '16', '40', '26', '6', '3', '27', '42', '45', '34', '48', '33', '1']","['21', '24', '37', '38', '10', '39', '32', '50', '30', '19', '47', '7', '46', '36', '14', '31', '41', '28', '4', '35']","[None, '2']","['9', '17']"
980,22 dispatched to CPU0,dispatch_cpu,22,CPU0,"['16', '40', '26', '6', '3', '27', '42', '45', '34', '48', '33', '1']","['21', '24', '37', '38', '10', '39', '32', '50', '30', '19', '47', '7', '46', '36', '14', '31', '41', '28', '4', '35']","['22', '2']","['9', '17']"
981,2 finished CPU → wait queue,cpu_to_io,2,CPU1,"['16', '40', '26', '6', '3', '27', '42', '45', '34', '48', '33', '1']","['21', '24', '37', '38', '10', '39', '32', '50', '30', '19', '47', '7', '46', '36', '14', '31', '41', '28', '4', '35', '2']","['22', None]","['9', '17']"
981,16 dispatched to CPU1,dispatch_cpu,16,CPU1,"['40', '26', '6', '3', '27', '42', '45', '34', '48', '33', '1']","['21', '24', '37', '38', '10', '39', '32', '50', '30', '19', '47', '7', '46', '36', '14', '31', '41', '28', '4', '35', '2']","['22', '16']","['9', '17']"
985,16 finished CPU → wait queue,cpu_to_io,16,CPU1,"['40', '26', '6', '3', '27', '42', '45', '34', '48', '33', '1']","['21', '24', '37', '38', '10', '39', '32', '50', '30', '19', '47', '7', '46', '36', '14', '31', '41', '28', '4', '35', '2', '16']","['22', None]","['9', '17']"
985,9 finished I/O → ready queue,io_to_ready,9,IO0,"['40', '26', '6', '3', '27', '42', '45', '34', '48', '33', '1', '9']","['21', '24', '37', '38', '10', '39', '32', '50', '30', '19', '47', '7', '46', '36', '14', '31', '41', '28', '4', '35', '2', '16']","['22', None]","[None, '17']"
985,40 dispatched to CPU1,dispatch_cpu,40,CPU1,"['26', '6', '3', '27', '42', '45', '34', '48', '33', '1', '9']","['21', '24', '37', '38', '10', '39', '32', '50', '30', '19', '47', '7', '46', '36', '14', '31', '41', '28', '4', '35', '2', '16']","['22', '40']","[None, '17']"
985,21 dispatched to IO0,dispatch_io,21,IO0,"['26', '6', '3', '27', '42', '45', '34', '48', '33', '1', '9']","['24', '37', '38', '10', '39', '32', '50', '30', '19', '47', '7', '46', '36', '14', '31', '41', '28', '4', '35', '2', '16']","['22', '40']","['21', '17']"
991,21 finished I/O → ready queue,io_to_ready,21,IO0,"['26', '6', '3', '27', '42', '45', '34', '48', '33', '1', '9', '21']","['24', '37', '38', '10', '39', '32', '50', '30', '19', '47', '7', '46', '36', '14', '31', '41', '28', '4', '35', '2', '16']","['22', '40']","[None, '17']"
991,24 dispatched to IO0,dispatch_io,24,IO0,"['26', '6', '3', '27', '42', '45', '34', '48', '33', '1', '9', '21']","['37', '38', '10', '39', '32', '50', '30', '19', '47', '7', '46', '36', '14', '31', '41', '28', '4', '35', '2', '16']","['22', '40']","['24', '17']"
993,40 finished CPU → wait queue,cpu_to_io,40,CPU1,"['26', '6', '3', '27', '42', '45', '34', '48', '33', '1', '9', '21']","['37', '38', '10', '39', '32', '50', '30', '19', '47', '7', '46', '36', '14', '31', '41', '28', '4', '35', '2', '16', '40']","['22', None]","['24', '17']"
993,26 dispatched to CPU1,dispatch_cpu,26,CPU1,"['6', '3', '27', '42', '45', '34', '48', '33', '1', '9', '21']","['37', '38', '10', '39', '32', '50', '30', '19', '47', '7', '46', '36', '14', '31', '41', '28', '4', '35', '2', '16', '40']","['22', '26']","['24', '17']"
994,22 finished all bursts,finished,22,CPU0,"['6', '3', '27', '42', '45', '34', '48', '33', '1', '9', '21']","['37', '38', '10', '39', '32', '50', '30', '19', '47', '7', '46', '36', '14', '31', '41', '28', '4', '35', '2', '16', '40']","[None, '26']","['24', '17']"
994,6 dispatched to CPU0,dispatch_cpu,6,CPU0,"['3', '27', '42', '45', '34', '48', '33', '1', '9', '21']","['37', '38', '10', '39', '32', '50', '30', '19', '47', '7', '46', '36', '14', '31', '41', '28', '4', '35', '2', '16', '40']","['6', '26']","['24', '17']"
998,17 finished I/O → ready queue,io_to_ready,17,IO1,"['3', '27', '42', '45', '34', '48', '33', '1', '9', '21', '17']","['37', '38', '10', '39', '32', '50', '30', '19', '47', '7', '46', '36', '14', '31', '41', '28', '4', '35', '2', '16', '40']","['6', '26']","['24', None]"
998,37 dispatched to IO1,dispatch_io,37,IO1,"['3', '27', '42', '45', '34', '48', '33', '1', '9', '21', '17']","['38', '10', '39', '32', '50', '30', '19', '47', '7', '46', '36', '14', '31', '41', '28', '4', '35', '2', '16', '40']","['6', '26']","['24', '37']"
1002,6 finished CPU → ready queue,cpu_to_ready,6,CPU0,"['3', '27', '42', '45', '34', '48', '33', '1', '9', '21', '17', '6']","['38', '10', '39', '32', '50', '30', '19', '47', '7', '46', '36', '14', '31', '41', '28', '4', '35', '2', '16', '40']","[None, '26']","['24', '37']"
1002,3 dispatched to CPU0,dispatch_cpu,3,CPU0,"['27', '42', '45', '34', '48', '33', '1', '9', '21', '17', '6']","['38', '10', '39', '32', '50', '30', '19', '47', '7', '46', '36', '14', '31', '41', '28', '4', '35', '2', '16', '40']","['3', '26']","['24', '37']"
1003,26 finished CPU → ready queue,cpu_to_ready,26,CPU1,"['27', '42', '45', '34', '48', '33', '1', '9', '21', '17', '6', '26']","['38', '10', '39', '32', '50', '30', '19', '47', '7', '46', '36', '14', '31', '41', '28', '4', '35', '2', '16', '40']","['3', None]","['24', '37']"
1003,27 dispatched to CPU1,dispatch_cpu,27,CPU1,"['42', '45', '34', '48', '33', '1', '9', '21', '17', '6', '26']","['38', '10', '39', '32', '50', '30', '19', '47', '7', '46', '36', '14', '31', '41', '28', '4', '35', '2', '16', '40']","['3', '27']","['24', '37']"
1006,3 finished CPU → wait queue,cpu_to_io,3,CPU0,"['42', '45', '34', '48', '33', '1', '9', '21', '17', '6', '26']","['38', '10', '39', '32', '50', '30', '19', '47', '7', '46', '36', '14', '31', '41', '28', '4', '35', '2', '16', '40', '3']","[None, '27']","['24', '37']"
1006,42 dispatched to CPU0,dispatch_cpu,42,CPU0,"['45', '34', '48', '33', '1', '9', '21', '17', '6', '26']","['38', '10', '39', '32', '50', '30', '19', '47', '7', '46', '36', '14', '31', '41', '28', '4', '35', '2', '16', '40', '3']","['42', '27']","['24', '37']"
1007,24 finished I/O → ready queue,io_to_ready,24,IO0,"['45', '34', '48', '33', '1', '9', '21', '17', '6', '26', '24']","['38', '10', '39', '32', '50', '30', '19', '47', '7', '46', '36', '14', '31', '41', '28', '4', '35', '2', '16', '40', '3']","['42', '27']","[None, '37']"
1007,38 dispatched to IO0,dispatch_io,38,IO0,"['45', '34', '48', '33', '1', '9', '21', '17', '6', '26', '24']","['10', '39', '32', '50', '30', '19', '47', '7', '46', '36', '14', '31', '41', '28', '4', '35', '2', '16', '40', '3']","['42', '27']","['38', '37']"
1013,42 finished CPU → wait queue,cpu_to_io,42,CPU0,"['45', '34', '48', '33', '1', '9', '21', '17', '6', '26', '24']","['10', '39', '32', '50', '30', '19', '47', '7', '46', '36', '14', '31', '41', '28', '4', '35', '2', '16', '40', '3', '42']","[None, '27']","['38', '37']"
1013,27 finished CPU → wait queue,cpu_to_io,27,CPU1,"['45', '34', '48', '33', '1', '9', '21', '17', '6', '26', '24']","['10', '39', '32', '50', '30', '19', '47', '7', '46', '36', '14', '31', '41', '28', '4', '35', '2', '16', '40', '3', '42', '27']","[None, None]","['38', '37']"
1013,45 dispatched to CPU0,dispatch_cpu,45,CPU0,"['34', '48', '33', '1', '9', '21', '17', '6', '26', '24']","['10', '39', '32', '50', '30', '19', '47', '7', '46', '36', '14', '31', '41', '28', '4', '35', '2', '16', '40', '3', '42', '27']","['45', None]","['38', '37']"
1013,34 dispatched to CPU1,dispatch_cpu,34,CPU1,"['48', '33', '1', '9', '21', '17', '6', '26', '24']","['10', '39', '32', '50', '30', '19', '47', '7', '46', '36', '14', '31', '41', '28', '4', '35', '2', '16', '40', '3', '42', '27']","['45', '34']","['38', '37']"
1021,37 finished I/O → ready queue,io_to_ready,37,IO1,"['48', '33', '1', '9', '21', '17', '6', '26', '24', '37']","['10', '39', '32', '50', '30', '19', '47', '7', '46', '36', '14', '31', '41', '28', '4', '35', '2', '16', '40', '3', '42', '27']","['45', '34']","['38', None]"
1021,10 dispatched to IO1,dispatch_io,10,IO1,"['48', '33', '1', '9', '21', '17', '6', '26', '24', '37']","['39', '32', '50', '30', '19', '47', '7', '46', '36', '14', '31', '41', '28', '4', '35', '2', '16', '40', '3', '42', '27']","['45', '34']","['38', '10']"
1022,45 finished CPU → ready queue,cpu_to_ready,45,CPU0,"['48', '33', '1', '9', '21', '17', '6', '26', '24', '37', '45']","['39', '32', '50', '30', '19', '47', '7', '46', '36', '14', '31', '41', '28', '4', '35', '2', '16', '40', '3', '42', '27']","[None, '34']","['38', '10']"
1022,48 dispatched to CPU0,dispatch_cpu,48,CPU0,"['33', '1', '9', '21', '17', '6', '26', '24', '37', '45']","['39', '32', '50', '30', '19', '47', '7', '46', '36', '14', '31', '41', '28', '4', '35', '2', '16', '40', '3', '42', '27']","['48', '34']","['38', '10']"
1027,34 finished CPU → wait queue,cpu_to_io,34,CPU1,"['33', '1', '9', '21', '17', '6', '26', '24', '37', '45']","['39', '32', '50', '30', '19', '47', '7', '46', '36', '14', '31', '41', '28', '4', '35', '2', '16', '40', '3', '42', '27', '34']","['48', None]","['38', '10']"
1027,33 dispatched to CPU1,dispatch_cpu,33,CPU1,"['1', '9', '21', '17', '6', '26', '24', '37', '45']","['39', '32', '50', '30', '19', '47', '7', '46', '36', '14', '31', '41', '28', '4', '35', '2', '16', '40', '3', '42', '27', '34']","['48', '33']","['38', '10']"
1029,48 finished CPU → ready queue,cpu_to_ready,48,CPU0,"['1', '9', '21', '17', '6', '26', '24', '37', '45', '48']","['39', '32', '50', '30', '19', '47', '7', '46', '36', '14', '31', '41', '28', '4', '35', '2', '16', '40', '3', '42', '27', '34']","[None, '33']","['38', '10']"
1029,1 dispatched to CPU0,dispatch_cpu,1,CPU0,"['9', '21', '17', '6', '26', '24', '37', '45', '48']","['39', '32', '50', '30', '19', '47', '7', '46', '36', '14', '31', '41', '28', '4', '35', '2', '16', '40', '3', '42', '27', '34']","['1', '33']","['38', '10']"
1031,38 finished I/O → ready queue,io_to_ready,38,IO0,"['9', '21', '17', '6', '26', '24', '37', '45', '48', '38']","['39', '32', '50', '30', '19', '47', '7', '46', '36', '14', '31', '41', '28', '4', '35', '2', '16', '40', '3', '42', '27', '34']","['1', '33']","[None, '10']"
1031,39 dispatched to IO0,dispatch_io,39,IO0,"['9', '21', '17', '6', '26', '24', '37', '45', '48', '38']","['32', '50', '30', '19', '47', '7', '46', '36', '14', '31', '41', '28', '4', '35', '2', '16', '40', '3', '42', '27', '34']","['1', '33']","['39', '10']"
1032,1 finished CPU → ready queue,cpu_to_ready,1,CPU0,"['9', '21', '17', '6', '26', '24', '37', '45', '48', '38', '1']","['32', '50', '30', '19', '47', '7', '46', '36', '14', '31', '41', '28', '4', '35', '2', '16', '40', '3', '42', '27', '34']","[None, '33']","['39', '10']"
1032,9 dispatched to CPU0,dispatch_cpu,9,CPU0,"['21', '17', '6', '26', '24', '37', '45', '48', '38', '1']","['32', '50', '30', '19', '47', '7', '46', '36', '14', '31', '41', '28', '4', '35', '2', '16', '40', '3', '42', '27', '34']","['9', '33']","['39', '10']"
1038,33 finished CPU → wait queue,cpu_to_io,33,CPU1,"['21', '17', '6', '26', '24', '37', '45', '48', '38', '1']","['32', '50', '30', '19', '47', '7', '46', '36', '14', '31', '41', '28', '4', '35', '2', '16', '40', '3', '42', '27', '34', '33']","['9', None]","['39', '10']"
1038,21 dispatched to CPU1,dispatch_cpu,21,CPU1,"['17', '6', '26', '24', '37', '45', '48', '38', '1']","['32', '50', '30', '19', '47', '7', '46', '36', '14', '31', '41', '28', '4', '35', '2', '16', '40', '3', '42', '27', '34', '33']","['9', '21']","['39', '10']"
1039,10 finished I/O → ready queue,io_to_ready,10,IO1,"['17', '6', '26', '24', '37', '45', '48', '38', '1', '10']","['32', '50', '30', '19', '47', '7', '46', '36', '14', '31', '41', '28', '4', '35', '2', '16', '40', '3', '42', '27', '34', '33']","['9', '21']","['39', None]"
1039,32 dispatched to IO1,dispatch_io,32,IO1,"['17', '6', '26', '24', '37', '45', '48', '38', '1', '10']","['50', '30', '19', '47', '7', '46', '36', '14', '31', '41', '28', '4', '35', '2', '16', '40', '3', '42', '27', '34', '33']","['9', '21']","['39', '32']"
1041,21 finished CPU → wait queue,cpu_to_io,21,CPU1,"['17', '6', '26', '24', '37', '45', '48', '38', '1', '10']","['50', '30', '19', '47', '7', '46', '36', '14', '31', '41', '28', '4', '35', '2', '16', '40', '3', '42', '27', '34', '33', '21']","['9', None]","['39', '32']"
1041,17 dispatched to CPU1,dispatch_cpu,17,CPU1,"['6', '26', '24', '37', '45', '48', '38', '1', '10']","['50', '30', '19', '47', '7', '46', '36', '14', '31', '41', '28', '4', '35', '2', '16', '40', '3', '42', '27', '34', '33', '21']","['9', '17']","['39', '32']"
1042,9 finished CPU → ready queue,cpu_to_ready,9,CPU0,"['6', '26', '24', '37', '45', '48', '38', '1', '10', '9']","['50', '30', '19', '47', '7', '46', '36', '14', '31', '41', '28', '4', '35', '2', '16', '40', '3', '42', '27', '34', '33', '21']","[None, '17']","['39', '32']"
1042,6 dispatched to CPU0,dispatch_cpu,6,CPU0,"['26', '24', '37', '45', '48', '38', '1', '10', '9']","['50', '30', '19', '47', '7', '46', '36', '14', '31', '41', '28', '4', '35', '2', '16', '40', '3', '42', '27', '34', '33', '21']","['6', '17']","['39', '32']"
1044,17 finished CPU → ready queue,cpu_to_ready,17,CPU1,"['26', '24', '37', '45', '48', '38', '1', '10', '9', '17']","['50', '30', '19', '47', '7', '46', '36', '14', '31', '41', '28', '4', '35', '2', '16', '40', '3', '42', '27', '34', '33', '21']","['6', None]","['39', '32']"
1044,26 dispatched to CPU1,dispatch_cpu,26,CPU1,"['24', '37', '45', '48', '38', '1', '10', '9', '17']","['50', '30', '19', '47', '7', '46', '36', '14', '31', '41', '28', '4', '35', '2', '16', '40', '3', '42', '27', '34', '33', '21']","['6', '26']","['39', '32']"
1046,6 finished CPU → wait queue,cpu_to_io,6,CPU0,"['24', '37', '45', '48', '38', '1', '10', '9', '17']","['50', '30', '19', '47', '7', '46', '36', '14', '31', '41', '28', '4', '35', '2', '16', '40', '3', '42', '27', '34', '33', '21', '6']","[None, '26']","['39', '32']"
1046,26 finished all bursts,finished,26,CPU1,"['24', '37', '45', '48', '38', '1', '10', '9', '17']","['50', '30', '19', '47', '7', '46', '36', '14', '31', '41', '28', '4', '35', '2', '16', '40', '3', '42', '27', '34', '33', '21', '6']","[None, None]","['39', '32']"
1046,24 dispatched to CPU0,dispatch_cpu,24,CPU0,"['37', '45', '48', '38', '1', '10', '9', '17']","['50', '30', '19', '47', '7', '46', '36', '14', '31', '41', '28', '4', '35', '2', '16', '40', '3', '42', '27', '34', '33', '21', '6']","['24', None]","['39', '32']"
1046,37 dispatched to CPU1,dispatch_cpu,37,CPU1,"['45', '48', '38', '1', '10', '9', '17']","['50', '30', '19', '47', '7', '46', '36', '14', '31', '41', '28', '4', '35', '2', '16', '40', '3', '42', '27', '34', '33', '21', '6']","['24', '37']","['39', '32']"
1049,37 finished all bursts,finished,37,CPU1,"['45', '48', '38', '1', '10', '9', '17']","['50', '30', '19', '47', '7', '46', '36', '14', '31', '41', '28', '4', '35', '2', '16', '40', '3', '42', '27', '34', '33', '21', '6']","['24', None]","['39', '32']"
1049,39 finished I/O → ready queue,io_to_ready,39,IO0,"['45', '48', '38', '1', '10', '9', '17', '39']","['50', '30', '19', '47', '7', '46', '36', '14', '31', '41', '28', '4', '35', '2', '16', '40', '3', '42', '27', '34', '33', '21', '6']","['24', None]","[None, '32']"
1049,45 dispatched to CPU1,dispatch_cpu,45,CPU1,"['48', '38', '1', '10', '9', '17', '39']","['50', '30', '19', '47', '7', '46', '36', '14', '31', '41', '28', '4', '35', '2', '16', '40', '3', '42', '27', '34', '33', '21', '6']","['24', '45']","[None, '32']"
1049,50 dispatched to IO0,dispatch_io,50,IO0,"['48', '38', '1', '10', '9', '17', '39']","['30', '19', '47', '7', '46', '36', '14', '31', '41', '28', '4', '35', '2', '16', '40', '3', '42', '27', '34', '33', '21', '6']","['24', '45']","['50', '32']"
1052,24 finished CPU → wait queue,cpu_to_io,24,CPU0,"['48', '38', '1', '10', '9', '17', '39']","['30', '19', '47', '7', '46', '36', '14', '31', '41', '28', '4', '35', '2', '16', '40', '3', '42', '27', '34', '33', '21', '6', '24']","[None, '45']","['50', '32']"
1052,48 dispatched to CPU0,dispatch_cpu,48,CPU0,"['38', '1', '10', '9', '17', '39']","['30', '19', '47', '7', '46', '36', '14', '31', '41', '28', '4', '35', '2', '16', '40', '3', '42', '27', '34', '33', '21', '6', '24']","['48', '45']","['50', '32']"
1055,32 finished I/O → ready queue,io_to_ready,32,IO1,"['38', '1', '10', '9', '17', '39', '32']","['30', '19', '47', '7', '46', '36', '14', '31', '41', '28', '4', '35', '2', '16', '40', '3', '42', '27', '34', '33', '21', '6', '24']","['48', '45']","['50', None]"
1055,30 dispatched to IO1,dispatch_io,30,IO1,"['38', '1', '10', '9', '17', '39', '32']","['19', '47', '7', '46', '36', '14', '31', '41', '28', '4', '35', '2', '16', '40', '3', '42', '27', '34', '33', '21', '6', '24']","['48', '45']","['50', '30']"
1059,48 finished CPU → ready queue,cpu_to_ready,48,CPU0,"['38', '1', '10', '9', '17', '39', '32', '48']","['19', '47', '7', '46', '36', '14', '31', '41', '28', '4', '35', '2', '16', '40', '3', '42', '27', '34', '33', '21', '6', '24']","[None, '45']","['50', '30']"
1059,38 dispatched to CPU0,dispatch_cpu,38,CPU0,"['1', '10', '9', '17', '39', '32', '48']","['19', '47', '7', '46', '36', '14', '31', '41', '28', '4', '35', '2', '16', '40', '3', '42', '27', '34', '33', '21', '6', '24']","['38', '45']","['50', '30']"
1060,45 finished CPU → ready queue,cpu_to_ready,45,CPU1,"['1', '10', '9', '17', '39', '32', '48', '45']","['19', '47', '7', '46', '36', '14', '31', '41', '28', '4', '35', '2', '16', '40', '3', '42', '27', '34', '33', '21', '6', '24']","['38', None]","['50', '30']"
1060,1 dispatched to CPU1,dispatch_cpu,1,CPU1,"['10', '9', '17', '39', '32', '48', '45']","['19', '47', '7', '46', '36', '14', '31', '41', '28', '4', '35', '2', '16', '40', '3', '42', '27', '34', '33', '21', '6', '24']","['38', '1']","['50', '30']"
1062,38 finished all bursts,finished,38,CPU0,"['10', '9', '17', '39', '32', '48', '45']","['19', '47', '7', '46', '36', '14', '31', '41', '28', '4', '35', '2', '16', '40', '3', '42', '27', '34', '33', '21', '6', '24']","[None, '1']","['50', '30']"
1062,10 dispatched to CPU0,dispatch_cpu,10,CPU0,"['9', '17', '39', '32', '48', '45']","['19', '47', '7', '46', '36', '14', '31', '41', '28', '4', '35', '2', '16', '40', '3', '42', '27', '34', '33', '21', '6', '24']","['10', '1']","['50', '30']"
1063,50 finished I/O → ready queue,io_to_ready,50,IO0,"['9', '17', '39', '32', '48', '45', '50']","['19', '47', '7', '46', '36', '14', '31', '41', '28', '4', '35', '2', '16', '40', '3', '42', '27', '34', '33', '21', '6', '24']","['10', '1']","[None, '30']"
1063,19 dispatched to IO0,dispatch_io,19,IO0,"['9', '17', '39', '32', '48', '45', '50']","['47', '7', '46', '36', '14', '31', '41', '28', '4', '35', '2', '16', '40', '3', '42', '27', '34', '33', '21', '6', '24']","['10', '1']","['19', '30']"
1070,1 finished CPU → ready queue,cpu_to_ready,1,CPU1,"['9', '17', '39', '32', '48', '45', '50', '1']","['47', '7', '46', '36', '14', '31', '41', '28', '4', '35', '2', '16', '40', '3', '42', '27', '34', '33', '21', '6', '24']","['10', None]","['19', '30']"
1070,9 dispatched to CPU1,dispatch_cpu,9,CPU1,"['17', '39', '32', '48', '45', '50', '1']","['47', '7', '46', '36', '14', '31', '41', '28', '4', '35', '2', '16', '40', '3', '42', '27', '34', '33', '21', '6', '24']","['10', '9']","['19', '30']"
1072,10 finished CPU → ready queue,cpu_to_ready,10,CPU0,"['17', '39', '32', '48', '45', '50', '1', '10']","['47', '7', '46', '36', '14', '31', '41', '28', '4', '35', '2', '16', '40', '3', '42', '27', '34', '33', '21', '6', '24']","[None, '9']","['19', '30']"
1072,17 dispatched to CPU0,dispatch_cpu,17,CPU0,"['39', '32', '48', '45', '50', '1', '10']","['47', '7', '46', '36', '14', '31', '41', '28', '4', '35', '2', '16', '40', '3', '42', '27', '34', '33', '21', '6', '24']","['17', '9']","['19', '30']"
1073,30 finished I/O → ready queue,io_to_ready,30,IO1,"['39', '32', '48', '45', '50', '1', '10', '30']","['47', '7', '46', '36', '14', '31', '41', '28', '4', '35', '2', '16', '40', '3', '42', '27', '34', '33', '21', '6', '24']","['17', '9']","['19', None]"
1073,47 dispatched to IO1,dispatch_io,47,IO1,"['39', '32', '48', '45', '50', '1', '10', '30']","['7', '46', '36', '14', '31', '41', '28', '4', '35', '2', '16', '40', '3', '42', '27', '34', '33', '21', '6', '24']","['17', '9']","['19', '47']"
1075,9 finished all bursts,finished,9,CPU1,"['39', '32', '48', '45', '50', '1', '10', '30']","['7', '46', '36', '14', '31', '41', '28', '4', '35', '2', '16', '40', '3', '42', '27', '34', '33', '21', '6', '24']","['17', None]","['19', '47']"
1075,39 dispatched to CPU1,dispatch_cpu,39,CPU1,"['32', '48', '45', '50', '1', '10', '30']","['7', '46', '36', '14', '31', '41', '28', '4', '35', '2', '16', '40', '3', '42', '27', '34', '33', '21', '6', '24']","['17', '39']","['19', '47']"
1077,17 finished CPU → wait queue,cpu_to_io,17,CPU0,"['32', '48', '45', '50', '1', '10', '30']","['7', '46', '36', '14', '31', '41', '28', '4', '35', '2', '16', '40', '3', '42', '27', '34', '33', '21', '6', '24', '17']","[None, '39']","['19', '47']"
1077,32 dispatched to CPU0,dispatch_cpu,32,CPU0,"['48', '45', '50', '1', '10', '30']","['7', '46', '36', '14', '31', '41', '28', '4', '35', '2', '16', '40', '3', '42', '27', '34', '33', '21', '6', '24', '17']","['32', '39']","['19', '47']"
1082,39 finished CPU → wait queue,cpu_to_io,39,CPU1,"['48', '45', '50', '1', '10', '30']","['7', '46', '36', '14', '31', '41', '28', '4', '35', '2', '16', '40', '3', '42', '27', '34', '33', '21', '6', '24', '17', '39']","['32', None]","['19', '47']"
1082,48 dispatched to CPU1,dispatch_cpu,48,CPU1,"['45', '50', '1', '10', '30']","['7', '46', '36', '14', '31', '41', '28', '4', '35', '2', '16', '40', '3', '42', '27', '34', '33', '21', '6', '24', '17', '39']","['32', '48']","['19', '47']"
1083,32 finished all bursts,finished,32,CPU0,"['45', '50', '1', '10', '30']","['7', '46', '36', '14', '31', '41', '28', '4', '35', '2', '16', '40', '3', '42', '27', '34', '33', '21', '6', '24', '17', '39']","[None, '48']","['19', '47']"
1083,48 finished all bursts,finished,48,CPU1,"['45', '50', '1', '10', '30']","['7', '46', '36', '14', '31', '41', '28', '4', '35', '2', '16', '40', '3', '42', '27', '34', '33', '21', '6', '24', '17', '39']","[None, None]","['19', '47']"
1083,45 dispatched to CPU0,dispatch_cpu,45,CPU0,"['50', '1', '10', '30']","['7', '46', '36', '14', '31', '41', '28', '4', '35', '2', '16', '40', '3', '42', '27', '34', '33', '21', '6', '24', '17', '39']","['45', None]","['19', '47']"
1083,50 dispatched to CPU1,dispatch_cpu,50,CPU1,"['1', '10', '30']","['7', '46', '36', '14', '31', '41', '28', '4', '35', '2', '16', '40', '3', '42', '27', '34', '33', '21', '6', '24', '17', '39']","['45', '50']","['19', '47']"
1085,50 finished CPU → wait queue,cpu_to_io,50,CPU1,"['1', '10', '30']","['7', '46', '36', '14', '31', '41', '28', '4', '35', '2', '16', '40', '3', '42', '27', '34', '33', '21', '6', '24', '17', '39', '50']","['45', None]","['19', '47']"
1085,1 dispatched to CPU1,dispatch_cpu,1,CPU1,"['10', '30']","['7', '46', '36', '14', '31', '41', '28', '4', '35', '2', '16', '40', '3', '42', '27', '34', '33', '21', '6', '24', '17', '39', '50']","['45', '1']","['19', '47']"
1087,1 finished all bursts,finished,1,CPU1,"['10', '30']","['7', '46', '36', '14', '31', '41', '28', '4', '35', '2', '16', '40', '3', '42', '27', '34', '33', '21', '6', '24', '17', '39', '50']","['45', None]","['19', '47']"
1087,19 finished I/O → ready queue,io_to_ready,19,IO0,"['10', '30', '19']","['7', '46', '36', '14', '31', '41', '28', '4', '35', '2', '16', '40', '3', '42', '27', '34', '33', '21', '6', '24', '17', '39', '50']","['45', None]","[None, '47']"
1087,47 finished I/O → ready queue,io_to_ready,47,IO1,"['10', '30', '19', '47']","['7', '46', '36', '14', '31', '41', '28', '4', '35', '2', '16', '40', '3', '42', '27', '34', '33', '21', '6', '24', '17', '39', '50']","['45', None]","[None, None]"
1087,10 dispatched to CPU1,dispatch_cpu,10,CPU1,"['30', '19', '47']","['7', '46', '36', '14', '31', '41', '28', '4', '35', '2', '16', '40', '3', '42', '27', '34', '33', '21', '6', '24', '17', '39', '50']","['45', '10']","[None, None]"
1087,7 dispatched to IO0,dispatch_io,7,IO0,"['30', '19', '47']","['46', '36', '14', '31', '41', '28', '4', '35', '2', '16', '40', '3', '42', '27', '34', '33', '21', '6', '24', '17', '39', '50']","['45', '10']","['7', None]"
1087,46 dispatched to IO1,dispatch_io,46,IO1,"['30', '19', '47']","['36', '14', '31', '41', '28', '4', '35', '2', '16', '40', '3', '42', '27', '34', '33', '21', '6', '24', '17', '39', '50']","['45', '10']","['7', '46']"
1093,45 finished CPU → ready queue,cpu_to_ready,45,CPU0,"['30', '19', '47', '45']","['36', '14', '31', '41', '28', '4', '35', '2', '16', '40', '3', '42', '27', '34', '33', '21', '6', '24', '17', '39', '50']","[None, '10']","['7', '46']"
1093,30 dispatched to CPU0,dispatch_cpu,30,CPU0,"['19', '47', '45']","['36', '14', '31', '41', '28', '4', '35', '2', '16', '40', '3', '42', '27', '34', '33', '21', '6', '24', '17', '39', '50']","['30', '10']","['7', '46']"
1094,10 finished CPU → ready queue,cpu_to_ready,10,CPU1,"['19', '47', '45', '10']","['36', '14', '31', '41', '28', '4', '35', '2', '16', '40', '3', '42', '27', '34', '33', '21', '6', '24', '17', '39', '50']","['30', None]","['7', '46']"
1094,19 dispatched to CPU1,dispatch_cpu,19,CPU1,"['47', '45', '10']","['36', '14', '31', '41', '28', '4', '35', '2', '16', '40', '3', '42', '27', '34', '33', '21', '6', '24', '17', '39', '50']","['30', '19']","['7', '46']"
1095,19 finished CPU → ready queue,cpu_to_ready,19,CPU1,"['47', '45', '10', '19']","['36', '14', '31', '41', '28', '4', '35', '2', '16', '40', '3', '42', '27', '34', '33', '21', '6', '24', '17', '39', '50']","['30', None]","['7', '46']"
1095,47 dispatched to CPU1,dispatch_cpu,47,CPU1,"['45', '10', '19']","['36', '14', '31', '41', '28', '4', '35', '2', '16', '40', '3', '42', '27', '34', '33', '21', '6', '24', '17', '39', '50']","['30', '47']","['7', '46']"
1098,47 finished CPU → wait queue,cpu_to_io,47,CPU1,"['45', '10', '19']","['36', '14', '31', '41', '28', '4', '35', '2', '16', '40', '3', '42', '27', '34', '33', '21', '6', '24', '17', '39', '50', '47']","['30', None]","['7', '46']"
1098,45 dispatched to CPU1,dispatch_cpu,45,CPU1,"['10', '19']","['36', '14', '31', '41', '28', '4', '35', '2', '16', '40', '3', '42', '27', '34', '33', '21', '6', '24', '17', '39', '50', '47']","['30', '45']","['7', '46']"
1100,7 finished I/O → ready queue,io_to_ready,7,IO0,"['10', '19', '7']","['36', '14', '31', '41', '28', '4', '35', '2', '16', '40', '3', '42', '27', '34', '33', '21', '6', '24', '17', '39', '50', '47']","['30', '45']","[None, '46']"
1100,36 dispatched to IO0,dispatch_io,36,IO0,"['10', '19', '7']","['14', '31', '41', '28', '4', '35', '2', '16', '40', '3', '42', '27', '34', '33', '21', '6', '24', '17', '39', '50', '47']","['30', '45']","['36', '46']"
1102,30 finished CPU → ready queue,cpu_to_ready,30,CPU0,"['10', '19', '7', '30']","['14', '31', '41', '28', '4', '35', '2', '16', '40', '3', '42', '27', '34', '33', '21', '6', '24', '17', '39', '50', '47']","[None, '45']","['36', '46']"
1102,10 dispatched to CPU0,dispatch_cpu,10,CPU0,"['19', '7', '30']","['14', '31', '41', '28', '4', '35', '2', '16', '40', '3', '42', '27', '34', '33', '21', '6', '24', '17', '39', '50', '47']","['10', '45']","['36', '46']"
1105,45 finished CPU → wait queue,cpu_to_io,45,CPU1,"['19', '7', '30']","['14', '31', '41', '28', '4', '35', '2', '16', '40', '3', '42', '27', '34', '33', '21', '6', '24', '17', '39', '50', '47', '45']","['10', None]","['36', '46']"
1105,19 dispatched to CPU1,dispatch_cpu,19,CPU1,"['7', '30']","['14', '31', '41', '28', '4', '35', '2', '16', '40', '3', '42', '27', '34', '33', '21', '6', '24', '17', '39', '50', '47', '45']","['10', '19']","['36', '46']"
1107,46 finished I/O → ready queue,io_to_ready,46,IO1,"['7', '30', '46']","['14', '31', '41', '28', '4', '35', '2', '16', '40', '3', '42', '27', '34', '33', '21', '6', '24', '17', '39', '50', '47', '45']","['10', '19']","['36', None]"
1107,14 dispatched to IO1,dispatch_io,14,IO1,"['7', '30', '46']","['31', '41', '28', '4', '35', '2', '16', '40', '3', '42', '27', '34', '33', '21', '6', '24', '17', '39', '50', '47', '45']","['10', '19']","['36', '14']"
1116,10 finished CPU → wait queue,cpu_to_io,10,CPU0,"['7', '30', '46']","['31', '41', '28', '4', '35', '2', '16', '40', '3', '42', '27', '34', '33', '21', '6', '24', '17', '39', '50', '47', '45', '10']","[None, '19']","['36', '14']"
1116,7 dispatched to CPU0,dispatch_cpu,7,CPU0,"['30', '46']","['31', '41', '28', '4', '35', '2', '16', '40', '3', '42', '27', '34', '33', '21', '6', '24', '17', '39', '50', '47', '45', '10']","['7', '19']","['36', '14']"
1117,19 finished CPU → ready queue,cpu_to_ready,19,CPU1,"['30', '46', '19']","['31', '41', '28', '4', '35', '2', '16', '40', '3', '42', '27', '34', '33', '21', '6', '24', '17', '39', '50', '47', '45', '10']","['7', None]","['36', '14']"
1117,30 dispatched to CPU1,dispatch_cpu,30,CPU1,"['46', '19']","['31', '41', '28', '4', '35', '2', '16', '40', '3', '42', '27', '34', '33', '21', '6', '24', '17', '39', '50', '47', '45', '10']","['7', '30']","['36', '14']"
1119,36 finished I/O → ready queue,io_to_ready,36,IO0,"['46', '19', '36']","['31', '41', '28', '4', '35', '2', '16', '40', '3', '42', '27', '34', '33', '21', '6', '24', '17', '39', '50', '47', '45', '10']","['7', '30']","[None, '14']"
1119,31 dispatched to IO0,dispatch_io,31,IO0,"['46', '19', '36']","['41', '28', '4', '35', '2', '16', '40', '3', '42', '27', '34', '33', '21', '6', '24', '17', '39', '50', '47', '45', '10']","['7', '30']","['31', '14']"
1124,7 finished CPU → wait queue,cpu_to_io,7,CPU0,"['46', '19', '36']","['41', '28', '4', '35', '2', '16', '40', '3', '42', '27', '34', '33', '21', '6', '24', '17', '39', '50', '47', '45', '10', '7']","[None, '30']","['31', '14']"
1124,46 dispatched to CPU0,dispatch_cpu,46,CPU0,"['19', '36']","['41', '28', '4', '35', '2', '16', '40', '3', '42', '27', '34', '33', '21', '6', '24', '17', '39', '50', '47', '45', '10', '7']","['46', '30']","['31', '14']"
1126,30 finished CPU → ready queue,cpu_to_ready,30,CPU1,"['19', '36', '30']","['41', '28', '4', '35', '2', '16', '40', '3', '42', '27', '34', '33', '21', '6', '24', '17', '39', '50', '47', '45', '10', '7']","['46', None]","['31', '14']"
1126,19 dispatched to CPU1,dispatch_cpu,19,CPU1,"['36', '30']","['41', '28', '4', '35', '2', '16', '40', '3', '42', '27', '34', '33', '21', '6', '24', '17', '39', '50', '47', '45', '10', '7']","['46', '19']","['31', '14']"
1130,19 finished CPU → wait queue,cpu_to_io,19,CPU1,"['36', '30']","['41', '28', '4', '35', '2', '16', '40', '3', '42', '27', '34', '33', '21', '6', '24', '17', '39', '50', '47', '45', '10', '7', '19']","['46', None]","['31', '14']"
1130,31 finished I/O → ready queue,io_to_ready,31,IO0,"['36', '30', '31']","['41', '28', '4', '35', '2', '16', '40', '3', '42', '27', '34', '33', '21', '6', '24', '17', '39', '50', '47', '45', '10', '7', '19']","['46', None]","[None, '14']"
1130,36 dispatched to CPU1,dispatch_cpu,36,CPU1,"['30', '31']","['41', '28', '4', '35', '2', '16', '40', '3', '42', '27', '34', '33', '21', '6', '24', '17', '39', '50', '47', '45', '10', '7', '19']","['46', '36']","[None, '14']"
1130,41 dispatched to IO0,dispatch_io,41,IO0,"['30', '31']","['28', '4', '35', '2', '16', '40', '3', '42', '27', '34', '33', '21', '6', '24', '17', '39', '50', '47', '45', '10', '7', '19']","['46', '36']","['41', '14']"
1131,46 finished CPU → ready queue,cpu_to_ready,46,CPU0,"['30', '31', '46']","['28', '4', '35', '2', '16', '40', '3', '42', '27', '34', '33', '21', '6', '24', '17', '39', '50', '47', '45', '10', '7', '19']","[None, '36']","['41', '14']"
1131,30 dispatched to CPU0,dispatch_cpu,30,CPU0,"['31', '46']","['28', '4', '35', '2', '16', '40', '3', '42', '27', '34', '33', '21', '6', '24', '17', '39', '50', '47', '45', '10', '7', '19']","['30', '36']","['41', '14']"
1132,30 finished all bursts,finished,30,CPU0,"['31', '46']","['28', '4', '35', '2', '16', '40', '3', '42', '27', '34', '33', '21', '6', '24', '17', '39', '50', '47', '45', '10', '7', '19']","[None, '36']","['41', '14']"
1132,31 dispatched to CPU0,dispatch_cpu,31,CPU0,['46'],"['28', '4', '35', '2', '16', '40', '3', '42', '27', '34', '33', '21', '6', '24', '17', '39', '50', '47', '45', '10', '7', '19']","['31', '36']","['41', '14']"
1133,14 finished I/O → ready queue,io_to_ready,14,IO1,"['46', '14']","['28', '4', '35', '2', '16', '40', '3', '42', '27', '34', '33', '21', '6', '24', '17', '39', '50', '47', '45', '10', '7', '19']","['31', '36']","['41', None]"
1133,28 dispatched to IO1,dispatch_io,28,IO1,"['46', '14']","['4', '35', '2', '16', '40', '3', '42', '27', '34', '33', '21', '6', '24', '17', '39', '50', '47', '45', '10', '7', '19']","['31', '36']","['41', '28']"
1137,36 finished all bursts,finished,36,CPU1,"['46', '14']","['4', '35', '2', '16', '40', '3', '42', '27', '34', '33', '21', '6', '24', '17', '39', '50', '47', '45', '10', '7', '19']","['31', None]","['41', '28']"
1137,46 dispatched to CPU1,dispatch_cpu,46,CPU1,['14'],"['4', '35', '2', '16', '40', '3', '42', '27', '34', '33', '21', '6', '24', '17', '39', '50', '47', '45', '10', '7', '19']","['31', '46']","['41', '28']"
1138,46 finished all bursts,finished,46,CPU1,['14'],"['4', '35', '2', '16', '40', '3', '42', '27', '34', '33', '21', '6', '24', '17', '39', '50', '47', '45', '10', '7', '19']","['31', None]","['41', '28']"
1138,14 dispatched to CPU1,dispatch_cpu,14,CPU1,[],"['4', '35', '2', '16', '40', '3', '42', '27', '34', '33', '21', '6', '24', '17', '39', '50', '47', '45', '10', '7', '19']","['31', '14']","['41', '28']"
1140,31 finished CPU → wait queue,cpu_to_io,31,CPU0,[],"['4', '35', '2', '16', '40', '3', '42', '27', '34', '33', '21', '6', '24', '17', '39', '50', '47', '45', '10', '7', '19', '31']","[None, '14']","['41', '28']"
1148,14 finished CPU → ready queue,cpu_to_ready,14,CPU1,['14'],"['4', '35', '2', '16', '40', '3', '42', '27', '34', '33', '21', '6', '24', '17', '39', '50', '47', '45', '10', '7', '19', '31']","[None, None]","['41', '28']"
1148,14 dispatched to CPU0,dispatch_cpu,14,CPU0,[],"['4', '35', '2', '16', '40', '3', '42', '27', '34', '33', '21', '6', '24', '17', '39', '50', '47', '45', '10', '7', '19', '31']","['14', None]","['41', '28']"
1150,28 finished I/O → ready queue,io_to_ready,28,IO1,['28'],"['4', '35', '2', '16', '40', '3', '42', '27', '34', '33', '21', '6', '24', '17', '39', '50', '47', '45', '10', '7', '19', '31']","['14', None]","['41', None]"
1150,28 dispatched to CPU1,dispatch_cpu,28,CPU1,[],"['4', '35', '2', '16', '40', '3', '42', '27', '34', '33', '21', '6', '24', '17', '39', '50', '47', '45', '10', '7', '19', '31']","['14', '28']","['41', None]"
1150,4 dispatched to IO1,dispatch_io,4,IO1,[],"['35', '2', '16', '40', '3', '42', '27', '34', '33', '21', '6', '24', '17', '39', '50', '47', '45', '10', '7', '19', '31']","['14', '28']","['41', '4']"
1152,41 finished I/O → ready queue,io_to_ready,41,IO0,['41'],"['35', '2', '16', '40', '3', '42', '27', '34', '33', '21', '6', '24', '17', '39', '50', '47', '45', '10', '7', '19', '31']","['14', '28']","[None, '4']"
1152,35 dispatched to IO0,dispatch_io,35,IO0,['41'],"['2', '16', '40', '3', '42', '27', '34', '33', '21', '6', '24', '17', '39', '50', '47', '45', '10', '7', '19', '31']","['14', '28']","['35', '4']"
1153,28 finished CPU → wait queue,cpu_to_io,28,CPU1,['41'],"['2', '16', '40', '3', '42', '27', '34', '33', '21', '6', '24', '17', '39', '50', '47', '45', '10', '7', '19', '31', '28']","['14', None]","['35', '4']"
1153,41 dispatched to CPU1,dispatch_cpu,41,CPU1,[],"['2', '16', '40', '3', '42', '27', '34', '33', '21', '6', '24', '17', '39', '50', '47', '45', '10', '7', '19', '31', '28']","['14', '41']","['35', '4']"
1155,41 finished all bursts,finished,41,CPU1,[],"['2', '16', '40', '3', '42', '27', '34', '33', '21', '6', '24', '17', '39', '50', '47', '45', '10', '7', '19', '31', '28']","['14', None]","['35', '4']"
1156,14 finished all bursts,finished,14,CPU0,[],"['2', '16', '40', '3', '42', '27', '34', '33', '21', '6', '24', '17', '39', '50', '47', '45', '10', '7', '19', '31', '28']","[None, None]","['35', '4']"
1162,4 finished I/O → ready queue,io_to_ready,4,IO1,['4'],"['2', '16', '40', '3', '42', '27', '34', '33', '21', '6', '24', '17', '39', '50', '47', '45', '10', '7', '19', '31', '28']","[None, None]","['35', None]"
1162,4 dispatched to CPU0,dispatch_cpu,4,CPU0,[],"['2', '16', '40', '3', '42', '27', '34', '33', '21', '6', '24', '17', '39', '50', '47', '45', '10', '7', '19', '31', '28']","['4', None]","['35', None]"
1162,2 dispatched to IO1,dispatch_io,2,IO1,[],"['16', '40', '3', '42', '27', '34', '33', '21', '6', '24', '17', '39', '50', '47', '45', '10', '7', '19', '31', '28']","['4', None]","['35', '2']"
1171,35 finished I/O → ready queue,io_to_ready,35,IO0,['35'],"['16', '40', '3', '42', '27', '34', '33', '21', '6', '24', '17', '39', '50', '47', '45', '10', '7', '19', '31', '28']","['4', None]","[None, '2']"
1171,35 dispatched to CPU1,dispatch_cpu,35,CPU1,[],"['16', '40', '3', '42', '27', '34', '33', '21', '6', '24', '17', '39', '50', '47', '45', '10', '7', '19', '31', '28']","['4', '35']","[None, '2']"
1171,16 dispatched to IO0,dispatch_io,16,IO0,[],"['40', '3', '42', '27', '34', '33', '21', '6', '24', '17', '39', '50', '47', '45', '10', '7', '19', '31', '28']","['4', '35']","['16', '2']"
1173,4 finished all bursts,finished,4,CPU0,[],"['40', '3', '42', '27', '34', '33', '21', '6', '24', '17', '39', '50', '47', '45', '10', '7', '19', '31', '28']","[None, '35']","['16', '2']"
1180,35 finished CPU → ready queue,cpu_to_ready,35,CPU1,['35'],"['40', '3', '42', '27', '34', '33', '21', '6', '24', '17', '39', '50', '47', '45', '10', '7', '19', '31', '28']","[None, None]","['16', '2']"
1180,35 dispatched to CPU0,dispatch_cpu,35,CPU0,[],"['40', '3', '42', '27', '34', '33', '21', '6', '24', '17', '39', '50', '47', '45', '10', '7', '19', '31', '28']","['35', None]","['16', '2']"
1184,35 finished CPU → ready queue,cpu_to_ready,35,CPU0,['35'],"['40', '3', '42', '27', '34', '33', '21', '6', '24', '17', '39', '50', '47', '45', '10', '7', '19', '31', '28']","[None, None]","['16', '2']"
1184,35 dispatched to CPU0,dispatch_cpu,35,CPU0,[],"['40', '3', '42', '27', '34', '33', '21', '6', '24', '17', '39', '50', '47', '45', '10', '7', '19', '31', '28']","['35', None]","['16', '2']"
1185,2 finished I/O → ready queue,io_to_ready,2,IO1,['2'],"['40', '3', '42', '27', '34', '33', '21', '6', '24', '17', '39', '50', '47', '45', '10', '7', '19', '31', '28']","['35', None]","['16', None]"
1185,2 dispatched to CPU1,dispatch_cpu,2,CPU1,[],"['40', '3', '42', '27', '34', '33', '21', '6', '24', '17', '39', '50', '47', '45', '10', '7', '19', '31', '28']","['35', '2']","['16', None]"
1185,40 dispatched to IO1,dispatch_io,40,IO1,[],"['3', '42', '27', '34', '33', '21', '6', '24', '17', '39', '50', '47', '45', '10', '7', '19', '31', '28']","['35', '2']","['16', '40']"
1186,16 finished I/O → ready queue,io_to_ready,16,IO0,['16'],"['3', '42', '27', '34', '33', '21', '6', '24', '17', '39', '50', '47', '45', '10', '7', '19', '31', '28']","['35', '2']","[None, '40']"
1186,3 dispatched to IO0,dispatch_io,3,IO0,['16'],"['42', '27', '34', '33', '21', '6', '24', '17', '39', '50', '47', '45', '10', '7', '19', '31', '28']","['35', '2']","['3', '40']"
1191,2 finished all bursts,finished,2,CPU1,['16'],"['42', '27', '34', '33', '21', '6', '24', '17', '39', '50', '47', '45', '10', '7', '19', '31', '28']","['35', None]","['3', '40']"
1191,3 finished I/O → ready queue,io_to_ready,3,IO0,"['16', '3']","['42', '27', '34', '33', '21', '6', '24', '17', '39', '50', '47', '45', '10', '7', '19', '31', '28']","['35', None]","[None, '40']"
1191,16 dispatched to CPU1,dispatch_cpu,16,CPU1,['3'],"['42', '27', '34', '33', '21', '6', '24', '17', '39', '50', '47', '45', '10', '7', '19', '31', '28']","['35', '16']","[None, '40']"
1191,42 dispatched to IO0,dispatch_io,42,IO0,['3'],"['27', '34', '33', '21', '6', '24', '17', '39', '50', '47', '45', '10', '7', '19', '31', '28']","['35', '16']","['42', '40']"
1200,35 finished CPU → ready queue,cpu_to_ready,35,CPU0,"['3', '35']","['27', '34', '33', '21', '6', '24', '17', '39', '50', '47', '45', '10', '7', '19', '31', '28']","[None, '16']","['42', '40']"
1200,40 finished I/O → ready queue,io_to_ready,40,IO1,"['3', '35', '40']","['27', '34', '33', '21', '6', '24', '17', '39', '50', '47', '45', '10', '7', '19', '31', '28']","[None, '16']","['42', None]"
1200,3 dispatched to CPU0,dispatch_cpu,3,CPU0,"['35', '40']","['27', '34', '33', '21', '6', '24', '17', '39', '50', '47', '45', '10', '7', '19', '31', '28']","['3', '16']","['42', None]"
1200,27 dispatched to IO1,dispatch_io,27,IO1,"['35', '40']","['34', '33', '21', '6', '24', '17', '39', '50', '47', '45', '10', '7', '19', '31', '28']","['3', '16']","['42', '27']"
1201,42 finished I/O → ready queue,io_to_ready,42,IO0,"['35', '40', '42']","['34', '33', '21', '6', '24', '17', '39', '50', '47', '45', '10', '7', '19', '31', '28']","['3', '16']","[None, '27']"
1201,34 dispatched to IO0,dispatch_io,34,IO0,"['35', '40', '42']","['33', '21', '6', '24', '17', '39', '50', '47', '45', '10', '7', '19', '31', '28']","['3', '16']","['34', '27']"
1203,3 finished all bursts,finished,3,CPU0,"['35', '40', '42']","['33', '21', '6', '24', '17', '39', '50', '47', '45', '10', '7', '19', '31', '28']","[None, '16']","['34', '27']"
1203,35 dispatched to CPU0,dispatch_cpu,35,CPU0,"['40', '42']","['33', '21', '6', '24', '17', '39', '50', '47', '45', '10', '7', '19', '31', '28']","['35', '16']","['34', '27']"
1208,16 finished all bursts,finished,16,CPU1,"['40', '42']","['33', '21', '6', '24', '17', '39', '50', '47', '45', '10', '7', '19', '31', '28']","['35', None]","['34', '27']"
1208,40 dispatched to CPU1,dispatch_cpu,40,CPU1,['42'],"['33', '21', '6', '24', '17', '39', '50', '47', '45', '10', '7', '19', '31', '28']","['35', '40']","['34', '27']"
1216,35 finished all bursts,finished,35,CPU0,['42'],"['33', '21', '6', '24', '17', '39', '50', '47', '45', '10', '7', '19', '31', '28']","[None, '40']","['34', '27']"
1216,27 finished I/O → ready queue,io_to_ready,27,IO1,"['42', '27']","['33', '21', '6', '24', '17', '39', '50', '47', '45', '10', '7', '19', '31', '28']","[None, '40']","['34', None]"
1216,42 dispatched to CPU0,dispatch_cpu,42,CPU0,['27'],"['33', '21', '6', '24', '17', '39', '50', '47', '45', '10', '7', '19', '31', '28']","['42', '40']","['34', None]"
1216,33 dispatched to IO1,dispatch_io,33,IO1,['27'],"['21', '6', '24', '17', '39', '50', '47', '45', '10', '7', '19', '31', '28']","['42', '40']","['34', '33']"
1221,42 finished all bursts,finished,42,CPU0,['27'],"['21', '6', '24', '17', '39', '50', '47', '45', '10', '7', '19', '31', '28']","[None, '40']","['34', '33']"
1221,40 finished CPU → ready queue,cpu_to_ready,40,CPU1,"['27', '40']","['21', '6', '24', '17', '39', '50', '47', '45', '10', '7', '19', '31', '28']","[None, None]","['34', '33']"
1221,27 dispatched to CPU0,dispatch_cpu,27,CPU0,['40'],"['21', '6', '24', '17', '39', '50', '47', '45', '10', '7', '19', '31', '28']","['27', None]","['34', '33']"
1221,40 dispatched to CPU1,dispatch_cpu,40,CPU1,[],"['21', '6', '24', '17', '39', '50', '47', '45', '10', '7', '19', '31', '28']","['27', '40']","['34', '33']"
1222,40 finished all bursts,finished,40,CPU1,[],"['21', '6', '24', '17', '39', '50', '47', '45', '10', '7', '19', '31', '28']","['27', None]","['34', '33']"
1224,34 finished I/O → ready queue,io_to_ready,34,IO0,['34'],"['21', '6', '24', '17', '39', '50', '47', '45', '10', '7', '19', '31', '28']","['27', None]","[None, '33']"
1224,33 finished I/O → ready queue,io_to_ready,33,IO1,"['34', '33']","['21', '6', '24', '17', '39', '50', '47', '45', '10', '7', '19', '31', '28']","['27', None]","[None, None]"
1224,34 dispatched to CPU1,dispatch_cpu,34,CPU1,['33'],"['21', '6', '24', '17', '39', '50', '47', '45', '10', '7', '19', '31', '28']","['27', '34']","[None, None]"
1224,21 dispatched to IO0,dispatch_io,21,IO0,['33'],"['6', '24', '17', '39', '50', '47', '45', '10', '7', '19', '31', '28']","['27', '34']","['21', None]"
1224,6 dispatched to IO1,dispatch_io,6,IO1,['33'],"['24', '17', '39', '50', '47', '45', '10', '7', '19', '31', '28']","['27', '34']","['21', '6']"
1228,27 finished CPU → wait queue,cpu_to_io,27,CPU0,['33'],"['24', '17', '39', '50', '47', '45', '10', '7', '19', '31', '28', '27']","[None, '34']","['21', '6']"
1228,34 finished CPU → ready queue,cpu_to_ready,34,CPU1,"['33', '34']","['24', '17', '39', '50', '47', '45', '10', '7', '19', '31', '28', '27']","[None, None]","['21', '6']"
1228,33 dispatched to CPU0,dispatch_cpu,33,CPU0,['34'],"['24', '17', '39', '50', '47', '45', '10', '7', '19', '31', '28', '27']","['33', None]","['21', '6']"
1228,34 dispatched to CPU1,dispatch_cpu,34,CPU1,[],"['24', '17', '39', '50', '47', '45', '10', '7', '19', '31', '28', '27']","['33', '34']","['21', '6']"
1229,33 finished CPU → ready queue,cpu_to_ready,33,CPU0,['33'],"['24', '17', '39', '50', '47', '45', '10', '7', '19', '31', '28', '27']","[None, '34']","['21', '6']"
1229,33 dispatched to CPU0,dispatch_cpu,33,CPU0,[],"['24', '17', '39', '50', '47', '45', '10', '7', '19', '31', '28', '27']","['33', '34']","['21', '6']"
1231,21 finished I/O → ready queue,io_to_ready,21,IO0,['21'],"['24', '17', '39', '50', '47', '45', '10', '7', '19', '31', '28', '27']","['33', '34']","[None, '6']"
1231,24 dispatched to IO0,dispatch_io,24,IO0,['21'],"['17', '39', '50', '47', '45', '10', '7', '19', '31', '28', '27']","['33', '34']","['24', '6']"
1232,34 finished CPU → ready queue,cpu_to_ready,34,CPU1,"['21', '34']","['17', '39', '50', '47', '45', '10', '7', '19', '31', '28', '27']","['33', None]","['24', '6']"
1232,21 dispatched to CPU1,dispatch_cpu,21,CPU1,['34'],"['17', '39', '50', '47', '45', '10', '7', '19', '31', '28', '27']","['33', '21']","['24', '6']"
1233,21 finished all bursts,finished,21,CPU1,['34'],"['17', '39', '50', '47', '45', '10', '7', '19', '31', '28', '27']","['33', None]","['24', '6']"
1233,34 dispatched to CPU1,dispatch_cpu,34,CPU1,[],"['17', '39', '50', '47', '45', '10', '7', '19', '31', '28', '27']","['33', '34']","['24', '6']"
1238,34 finished CPU → wait queue,cpu_to_io,34,CPU1,[],"['17', '39', '50', '47', '45', '10', '7', '19', '31', '28', '27', '34']","['33', None]","['24', '6']"
1241,33 finished CPU → ready queue,cpu_to_ready,33,CPU0,['33'],"['17', '39', '50', '47', '45', '10', '7', '19', '31', '28', '27', '34']","[None, None]","['24', '6']"
1241,33 dispatched to CPU0,dispatch_cpu,33,CPU0,[],"['17', '39', '50', '47', '45', '10', '7', '19', '31', '28', '27', '34']","['33', None]","['24', '6']"
1242,6 finished I/O → ready queue,io_to_ready,6,IO1,['6'],"['17', '39', '50', '47', '45', '10', '7', '19', '31', '28', '27', '34']","['33', None]","['24', None]"
1242,6 dispatched to CPU1,dispatch_cpu,6,CPU1,[],"['17', '39', '50', '47', '45', '10', '7', '19', '31', '28', '27', '34']","['33', '6']","['24', None]"
1242,17 dispatched to IO1,dispatch_io,17,IO1,[],"['39', '50', '47', '45', '10', '7', '19', '31', '28', '27', '34']","['33', '6']","['24', '17']"
1246,33 finished all bursts,finished,33,CPU0,[],"['39', '50', '47', '45', '10', '7', '19', '31', '28', '27', '34']","[None, '6']","['24', '17']"
1246,24 finished I/O → ready queue,io_to_ready,24,IO0,['24'],"['39', '50', '47', '45', '10', '7', '19', '31', '28', '27', '34']","[None, '6']","[None, '17']"
1246,24 dispatched to CPU0,dispatch_cpu,24,CPU0,[],"['39', '50', '47', '45', '10', '7', '19', '31', '28', '27', '34']","['24', '6']","[None, '17']"
1246,39 dispatched to IO0,dispatch_io,39,IO0,[],"['50', '47', '45', '10', '7', '19', '31', '28', '27', '34']","['24', '6']","['39', '17']"
1248,6 finished CPU → wait queue,cpu_to_io,6,CPU1,[],"['50', '47', '45', '10', '7', '19', '31', '28', '27', '34', '6']","['24', None]","['39', '17']"
1258,24 finished CPU → ready queue,cpu_to_ready,24,CPU0,['24'],"['50', '47', '45', '10', '7', '19', '31', '28', '27', '34', '6']","[None, None]","['39', '17']"
1258,24 dispatched to CPU0,dispatch_cpu,24,CPU0,[],"['50', '47', '45', '10', '7', '19', '31', '28', '27', '34', '6']","['24', None]","['39', '17']"
1259,17 finished I/O → ready queue,io_to_ready,17,IO1,['17'],"['50', '47', '45', '10', '7', '19', '31', '28', '27', '34', '6']","['24', None]","['39', None]"
1259,17 dispatched to CPU1,dispatch_cpu,17,CPU1,[],"['50', '47', '45', '10', '7', '19', '31', '28', '27', '34', '6']","['24', '17']","['39', None]"
1259,50 dispatched to IO1,dispatch_io,50,IO1,[],"['47', '45', '10', '7', '19', '31', '28', '27', '34', '6']","['24', '17']","['39', '50']"
1261,24 finished all bursts,finished,24,CPU0,[],"['47', '45', '10', '7', '19', '31', '28', '27', '34', '6']","[None, '17']","['39', '50']"
1261,17 finished all bursts,finished,17,CPU1,[],"['47', '45', '10', '7', '19', '31', '28', '27', '34', '6']","[None, None]","['39', '50']"
1262,39 finished I/O → ready queue,io_to_ready,39,IO0,['39'],"['47', '45', '10', '7', '19', '31', '28', '27', '34', '6']","[None, None]","[None, '50']"
1262,39 dispatched to CPU0,dispatch_cpu,39,CPU0,[],"['47', '45', '10', '7', '19', '31', '28', '27', '34', '6']","['39', None]","[None, '50']"
1262,47 dispatched to IO0,dispatch_io,47,IO0,[],"['45', '10', '7', '19', '31', '28', '27', '34', '6']","['39', None]","['47', '50']"
1267,39 finished all bursts,finished,39,CPU0,[],"['45', '10', '7', '19', '31', '28', '27', '34', '6']","[None, None]","['47', '50']"
1270,47 finished I/O → ready queue,io_to_ready,47,IO0,['47'],"['45', '10', '7', '19', '31', '28', '27', '34', '6']","[None, None]","[None, '50']"
1270,47 dispatched to CPU0,dispatch_cpu,47,CPU0,[],"['45', '10', '7', '19', '31', '28', '27', '34', '6']","['47', None]","[None, '50']"
1270,45 dispatched to IO0,dispatch_io,45,IO0,[],"['10', '7', '19', '31', '28', '27', '34', '6']","['47', None]","['45', '50']"
1271,50 finished I/O → ready queue,io_to_ready,50,IO1,['50'],"['10', '7', '19', '31', '28', '27', '34', '6']","['47', None]","['45', None]"
1271,50 dispatched to CPU1,dispatch_cpu,50,CPU1,[],"['10', '7', '19', '31', '28', '27', '34', '6']","['47', '50']","['45', None]"
1271,10 dispatched to IO1,dispatch_io,10,IO1,[],"['7', '19', '31', '28', '27', '34', '6']","['47', '50']","['45', '10']"
1273,47 finished CPU → wait queue,cpu_to_io,47,CPU0,[],"['7', '19', '31', '28', '27', '34', '6', '47']","[None, '50']","['45', '10']"
1276,50 finished all bursts,finished,50,CPU1,[],"['7', '19', '31', '28', '27', '34', '6', '47']","[None, None]","['45', '10']"
1287,45 finished I/O → ready queue,io_to_ready,45,IO0,['45'],"['7', '19', '31', '28', '27', '34', '6', '47']","[None, None]","[None, '10']"
1287,45 dispatched to CPU0,dispatch_cpu,45,CPU0,[],"['7', '19', '31', '28', '27', '34', '6', '47']","['45', None]","[None, '10']"
1287,7 dispatched to IO0,dispatch_io,7,IO0,[],"['19', '31', '28', '27', '34', '6', '47']","['45', None]","['7', '10']"
1288,10 finished I/O → ready queue,io_to_ready,10,IO1,['10'],"['19', '31', '28', '27', '34', '6', '47']","['45', None]","['7', None]"
1288,10 dispatched to CPU1,dispatch_cpu,10,CPU1,[],"['19', '31', '28', '27', '34', '6', '47']","['45', '10']","['7', None]"
1288,19 dispatched to IO1,dispatch_io,19,IO1,[],"['31', '28', '27', '34', '6', '47']","['45', '10']","['7', '19']"
1291,45 finished all bursts,finished,45,CPU0,[],"['31', '28', '27', '34', '6', '47']","[None, '10']","['7', '19']"
1297,10 finished CPU → ready queue,cpu_to_ready,10,CPU1,['10'],"['31', '28', '27', '34', '6', '47']","[None, None]","['7', '19']"
1297,19 finished I/O → ready queue,io_to_ready,19,IO1,"['10', '19']","['31', '28', '27', '34', '6', '47']","[None, None]","['7', None]"
1297,10 dispatched to CPU0,dispatch_cpu,10,CPU0,['19'],"['31', '28', '27', '34', '6', '47']","['10', None]","['7', None]"
1297,19 dispatched to CPU1,dispatch_cpu,19,CPU1,[],"['31', '28', '27', '34', '6', '47']","['10', '19']","['7', None]"
1297,31 dispatched to IO1,dispatch_io,31,IO1,[],"['28', '27', '34', '6', '47']","['10', '19']","['7', '31']"
1298,19 finished all bursts,finished,19,CPU1,[],"['28', '27', '34', '6', '47']","['10', None]","['7', '31']"
1300,10 finished all bursts,finished,10,CPU0,[],"['28', '27', '34', '6', '47']","[None, None]","['7', '31']"
1302,7 finished I/O → ready queue,io_to_ready,7,IO0,['7'],"['28', '27', '34', '6', '47']","[None, None]","[None, '31']"
1302,7 dispatched to CPU0,dispatch_cpu,7,CPU0,[],"['28', '27', '34', '6', '47']","['7', None]","[None, '31']"
1302,28 dispatched to IO0,dispatch_io,28,IO0,[],"['27', '34', '6', '47']","['7', None]","['28', '31']"
1306,7 finished CPU → ready queue,cpu_to_ready,7,CPU0,['7'],"['27', '34', '6', '47']","[None, None]","['28', '31']"
1306,7 dispatched to CPU0,dispatch_cpu,7,CPU0,[],"['27', '34', '6', '47']","['7', None]","['28', '31']"
1308,7 finished CPU → wait queue,cpu_to_io,7,CPU0,[],"['27', '34', '6', '47', '7']","[None, None]","['28', '31']"
1315,28 finished I/O → ready queue,io_to_ready,28,IO0,['28'],"['27', '34', '6', '47', '7']","[None, None]","[None, '31']"
1315,28 dispatched to CPU0,dispatch_cpu,28,CPU0,[],"['27', '34', '6', '47', '7']","['28', None]","[None, '31']"
1315,27 dispatched to IO0,dispatch_io,27,IO0,[],"['34', '6', '47', '7']","['28', None]","['27', '31']"
1320,31 finished I/O → ready queue,io_to_ready,31,IO1,['31'],"['34', '6', '47', '7']","['28', None]","['27', None]"
1320,31 dispatched to CPU1,dispatch_cpu,31,CPU1,[],"['34', '6', '47', '7']","['28', '31']","['27', None]"
1320,34 dispatched to IO1,dispatch_io,34,IO1,[],"['6', '47', '7']","['28', '31']","['27', '34']"
1322,28 finished CPU → ready queue,cpu_to_ready,28,CPU0,['28'],"['6', '47', '7']","[None, '31']","['27', '34']"
1322,28 dispatched to CPU0,dispatch_cpu,28,CPU0,[],"['6', '47', '7']","['28', '31']","['27', '34']"
1325,31 finished CPU → ready queue,cpu_to_ready,31,CPU1,['31'],"['6', '47', '7']","['28', None]","['27', '34']"
1325,31 dispatched to CPU1,dispatch_cpu,31,CPU1,[],"['6', '47', '7']","['28', '31']","['27', '34']"
1328,27 finished I/O → ready queue,io_to_ready,27,IO0,['27'],"['6', '47', '7']","['28', '31']","[None, '34']"
1328,6 dispatched to IO0,dispatch_io,6,IO0,['27'],"['47', '7']","['28', '31']","['6', '34']"
1330,28 finished CPU → wait queue,cpu_to_io,28,CPU0,['27'],"['47', '7', '28']","[None, '31']","['6', '34']"
1330,27 dispatched to CPU0,dispatch_cpu,27,CPU0,[],"['47', '7', '28']","['27', '31']","['6', '34']"
1336,31 finished CPU → wait queue,cpu_to_io,31,CPU1,[],"['47', '7', '28', '31']","['27', None]","['6', '34']"
1340,27 finished CPU → ready queue,cpu_to_ready,27,CPU0,['27'],"['47', '7', '28', '31']","[None, None]","['6', '34']"
1340,27 dispatched to CPU0,dispatch_cpu,27,CPU0,[],"['47', '7', '28', '31']","['27', None]","['6', '34']"
1342,27 finished all bursts,finished,27,CPU0,[],"['47', '7', '28', '31']","[None, None]","['6', '34']"
1343,34 finished I/O → ready queue,io_to_ready,34,IO1,['34'],"['47', '7', '28', '31']","[None, None]","['6', None]"
1343,34 dispatched to CPU0,dispatch_cpu,34,CPU0,[],"['47', '7', '28', '31']","['34', None]","['6', None]"
1343,47 dispatched to IO1,dispatch_io,47,IO1,[],"['7', '28', '31']","['34', None]","['6', '47']"
1344,34 finished all bursts,finished,34,CPU0,[],"['7', '28', '31']","[None, None]","['6', '47']"
1344,6 finished I/O → ready queue,io_to_ready,6,IO0,['6'],"['7', '28', '31']","[None, None]","[None, '47']"
1344,6 dispatched to CPU0,dispatch_cpu,6,CPU0,[],"['7', '28', '31']","['6', None]","[None, '47']"
1344,7 dispatched to IO0,dispatch_io,7,IO0,[],"['28', '31']","['6', None]","['7', '47']"
1356,6 finished CPU → wait queue,cpu_to_io,6,CPU0,[],"['28', '31', '6']","[None, None]","['7', '47']"
1358,7 finished I/O → ready queue,io_to_ready,7,IO0,['7'],"['28', '31', '6']","[None, None]","[None, '47']"
1358,7 dispatched to CPU0,dispatch_cpu,7,CPU0,[],"['28', '31', '6']","['7', None]","[None, '47']"
1358,28 dispatched to IO0,dispatch_io,28,IO0,[],"['31', '6']","['7', None]","['28', '47']"
1359,47 finished I/O → ready queue,io_to_ready,47,IO1,['47'],"['31', '6']","['7', None]","['28', None]"
1359,47 dispatched to CPU1,dispatch_cpu,47,CPU1,[],"['31', '6']","['7', '47']","['28', None]"
1359,31 dispatched to IO1,dispatch_io,31,IO1,[],['6'],"['7', '47']","['28', '31']"
1364,47 finished CPU → ready queue,cpu_to_ready,47,CPU1,['47'],['6'],"['7', None]","['28', '31']"
1364,47 dispatched to CPU1,dispatch_cpu,47,CPU1,[],['6'],"['7', '47']","['28', '31']"
1365,7 finished CPU → wait queue,cpu_to_io,7,CPU0,[],"['6', '7']","[None, '47']","['28', '31']"
1367,47 finished all bursts,finished,47,CPU1,[],"['6', '7']","[None, None]","['28', '31']"
1368,28 finished I/O → ready queue,io_to_ready,28,IO0,['28'],"['6', '7']","[None, None]","[None, '31']"
1368,28 dispatched to CPU0,dispatch_cpu,28,CPU0,[],"['6', '7']","['28', None]","[None, '31']"
1368,6 dispatched to IO0,dispatch_io,6,IO0,[],['7'],"['28', None]","['6', '31']"
1371,28 finished all bursts,finished,28,CPU0,[],['7'],"[None, None]","['6', '31']"
1387,6 finished I/O → ready queue,io_to_ready,6,IO0,['6'],['7'],"[None, None]","[None, '31']"
1387,31 finished I/O → ready queue,io_to_ready,31,IO1,"['6', '31']",['7'],"[None, None]","[None, None]"
1387,6 dispatched to CPU0,dispatch_cpu,6,CPU0,['31'],['7'],"['6', None]","[None, None]"
1387,31 dispatched to CPU1,dispatch_cpu,31,CPU1,[],['7'],"['6', '31']","[None, None]"
1387,7 dispatched to IO0,dispatch_io,7,IO0,[],[],"['6', '31']","['7', None]"
1393,31 finished all bursts,finished,31,CPU1,[],[],"['6', None]","['7', None]"
1394,6 finished CPU → wait queue,cpu_to_io,6,CPU0,[],['6'],"[None, None]","['7', None]"
1394,6 dispatched to IO1,dispatch_io,6,IO1,[],[],"[None, None]","['7', '6']"
1406,7 finished all bursts,finished,7,IO0,[],[],"[None, None]","[None, '6']"
1407,6 finished I/O → ready queue,io_to_ready,6,IO1,['6'],[],"[None, None]","[None, None]"
1407,6 dispatched to CPU0,dispatch_cpu,6,CPU0,[],[],"['6', None]","[None, None]"
1408,6 finished all bursts,finished,6,CPU0,[],[],"[None, None]","[None, None]"
